5
7
9
12
12
14
14
11
9
7
4
-3
-5
-4
-3
-4
-2
-3
-5
-7
-9
-8
-9
-9
-7
-5
-4
-5
-3
-4
-6
-9
-12
-13
-13
-14
-12
-14
-12
-11
-9
-11
-11
-11
-12
-13
-12
-13
-14
-15
-17
-17
-18
-17
-16
-15
-15
-14
-16
-17
-16
-15
-15
-14
-8
-7
-2
1
-1
1
-1
-1
-4
-3
-4
-7
-7
-5
-5
-6
-5
-5
-5
-5
-4
-4
0
-1
2
2
3
3
6
7
4
8
6
8
8
7
6
2
1
-3
-3
-4
-3
0
1
3
7
10
10
11
9
10
9
6
6
5
6
1
-1
-2
-4
-3
-2
-3
-3
0
-2
2
6
6
10
7
6
6
7
5
4
3
-1
-4
-2
-3
-2
-2
-5
-4
-4
-1
0
-3
-5
-8
-9
-10
-11
-11
-12
-14
-16
-14
-14
-11
-12
-13
-9
-11
-9
-10
-7
-9
-10
-8
-10
-6
-6
-4
-6
-3
-4
-4
2
2
3
1
-2
-1
1
3
2
2
1
-2
-2
-4
0
0
0
-1
-2
2
-1
1
4
5
5
8
6
4
4
0
3
0
-1
-1
-1
1
-4
-4
-7
-6
-6
-8
-4
-8
-7
-6
-6
-7
-12
-10
-11
-10
-10
-8
-6
-6
-6
-6
-4
-4
-4
-3
-4
-2
0
0
1
3
3
1
2
5
5
3
4
2
1
2
4
3
1
5
8
11
12
17
19
23
22
23
25
23
23
24
21
20
21
20
21
19
19
17
13
13
15
19
16
18
20
20
19
18
20
19
20
19
19
16
15
13
10
10
9
9
7
5
5
2
2
5
5
6
6
10
10
10
11
10
11
8
5
2
3
1
-3
-7
-10
-11
-16
-17
-19
-20
-19
-19
-17
-15
-12
-10
-9
-10
-6
-7
-5
-3
-4
-3
-4
1
-1
-3
0
-1
1
-1
0
2
7
13
16
18
25
28
28
32
33
31
32
33
35
34
25
26
19
16
14
9
8
5
7
4
7
8
6
8
7
7
5
4
5
2
0
-2
-3
-9
-10
-11
-20
-20
-26
-27
-29
-26
-26
-30
-24
-23
-20
-17
-15
-17
-15
-13
-14
-8
-12
-11
-12
-11
-11
-12
-11
-14
-11
-13
-11
-13
-15
-10
-11
-9
-7
-2
0
2
5
6
7
2
1
1
-3
-4
-7
-8
-11
-13
-16
-16
-13
-15
-12
-9
-5
-4
-3
-1
0
4
3
3
2
1
1
-5
-3
-7
-9
-11
-15
-16
-16
-15
-15
-13
-12
-13
-10
-6
-1
-1
3
4
4
5
2
5
2
1
0
-7
-9
-14
-15
-19
-24
-25
-27
-27
-28
-26
-28
-28
-28
-32
-29
-32
-24
-24
-23
-21
-23
-20
-25
-25
-23
-23
-26
-26
-24
-23
-22
-23
-22
-20
-22
-18
-16
-17
-13
-10
-7
-6
-3
-1
3
3
5
7
5
5
7
8
6
7
9
10
13
11
12
10
8
11
8
9
8
7
7
7
12
10
11
10
8
7
6
7
6
9
6
3
6
5
1
-1
-3
-3
-4
-8
-11
-14
-12
-13
-13
-12
-12
-16
-16
-14
-12
-13
-9
-7
-8
-6
-4
-4
-1
1
2
0
-1
-1
-3
-3
-3
-3
-3
-4
-2
1
2
2
7
6
8
10
11
13
12
10
11
10
8
5
1
0
-3
-5
-4
-5
-5
-3
-1
4
8
9
15
17
14
18
20
16
15
17
16
14
15
13
15
13
14
14
14
15
16
14
12
14
14
14
12
11
11
13
12
13
16
19
21
20
22
21
23
22
20
18
15
11
10
8
3
1
-2
-1
-2
-2
-3
-3
-1
-4
-3
0
1
2
3
2
4
1
2
5
2
2
1
1
2
0
0
1
0
5
2
7
6
8
12
11
13
10
13
10
8
11
7
6
3
5
5
6
8
9
10
9
12
13
17
18
17
15
12
14
12
12
13
11
15
14
14
13
10
9
8
6
5
3
1
0
2
1
-2
-3
-4
-7
-8
-8
-7
-7
-7
-6
-7
-6
-5
-6
-4
-5
-3
-2
-4
-6
-6
-5
-10
-8
-11
-11
-10
-13
-12
-11
-11
-12
-17
-14
-14
-12
-12
-14
-16
-16
-10
-14
-13
-14
-15
-13
-17
-17
-20
-18
-17
-22
-20
-19
-17
-16
-14
-11
-8
-9
-7
-6
-6
-5
-6
-7
-9
-11
-14
-13
-13
-15
-17
-18
-19
-21
-22
-24
-21
-20
-21
-20
-19
-16
-12
-9
-2
-1
2
6
8
9
10
8
7
3
-2
-2
-3
-3
-9
-7
-7
-8
-7
-11
-7
-8
-5
-1
1
3
5
9
8
11
7
6
7
3
0
-2
-2
-2
-2
-3
-3
-1
2
1
0
-1
-2
0
1
3
3
5
6
5
7
7
5
6
6
5
3
4
4
3
2
0
3
5
6
8
7
12
18
16
21
20
17
19
17
17
12
12
12
9
5
0
0
-3
-5
-8
-8
-8
-8
-9
-10
-8
-6
-2
-1
-2
0
-1
0
-1
-2
-1
-1
1
1
2
-1
1
-2
-5
-4
-6
-7
-6
-5
-4
-3
0
2
3
5
4
8
3
-1
-4
-6
-6
-9
-9
-10
-8
-7
-3
-4
-5
-3
-5
-4
-3
-2
-2
1
3
3
3
4
5
5
6
3
4
3
0
2
0
-3
-4
-6
-4
-6
-5
-4
-4
-2
-3
-1
0
0
2
2
3
1
3
6
3
6
6
4
5
5
6
4
2
2
0
-1
-1
0
0
0
2
7
8
9
9
10
9
8
10
7
7
9
9
9
11
11
11
11
11
9
6
8
5
6
7
9
11
10
10
9
6
3
0
-3
-2
-3
-4
-2
0
2
3
2
5
5
5
9
11
8
9
12
12
14
15
16
16
17
18
18
21
22
21
23
19
17
17
14
15
12
11
7
7
5
3
5
4
4
8
6
7
6
6
9
10
10
8
10
9
10
9
14
11
9
12
9
9
7
4
4
0
-4
-2
-2
-2
0
-1
1
2
-2
-1
-4
-2
-2
-4
-4
-4
-6
-8
-5
-9
-8
-9
-10
-10
-13
-12
-15
-16
-18
-17
-16
-16
-14
-12
-12
-9
-4
-5
-3
-5
-5
-6
-9
-12
-15
-13
-15
-15
-15
-13
-13
-11
-10
-11
-8
-7
-9
-6
-7
-7
-5
-6
-1
-3
-6
-5
-6
-5
-8
-7
-10
-10
-6
-10
-9
-10
-9
-10
-9
-6
-10
-8
-3
0
0
-1
3
2
3
2
3
1
0
1
-4
-3
-4
-6
-7
-11
-9
-12
-10
-9
-9
-7
-8
-7
-8
-7
-6
-7
-7
-7
-8
-9
-8
-8
-8
-6
-6
-4
-3
-5
-8
-6
-9
-11
-10
-11
-9
-6
-6
-7
-1
2
0
2
3
5
3
1
2
-3
-2
-2
-3
-4
-5
-6
-6
-5
-5
-4
-5
-1
-2
1
4
-1
0
0
-1
-3
-3
-1
0
-1
0
-1
0
0
-1
-1
-4
-5
-5
-6
-8
-6
-4
-4
-2
-2
-3
-4
-4
-5
-6
-4
-3
1
2
3
2
-1
3
2
-1
1
-1
-1
0
1
3
3
4
3
4
3
5
5
1
0
-4
-2
0
0
2
3
4
5
6
6
5
7
6
7
6
5
5
5
5
4
8
8
10
11
10
11
11
13
11
11
10
9
9
6
6
8
8
10
9
8
9
6
8
7
7
8
9
8
6
6
6
5
7
6
7
7
8
9
11
11
7
8
6
4
4
6
4
3
4
2
4
4
6
6
8
8
5
3
1
4
1
4
2
-1
0
-4
-2
-4
-2
-5
-5
-4
-4
-3
-5
-7
-4
1
0
0
3
1
4
1
-1
0
-2
-2
0
-3
-5
-3
-5
-2
-2
-1
0
1
2
1
4
2
3
7
6
7
9
8
8
8
5
5
4
4
1
1
0
-2
-2
-1
-2
0
-1
0
-1
0
0
0
-1
-3
-7
-10
-10
-13
-11
-13
-14
-12
-13
-11
-13
-10
-10
-8
-8
-9
-4
-7
-7
-4
-3
-6
-4
-1
-2
0
-1
2
1
-2
-3
-4
-6
-7
-4
-4
-9
-7
-5
-6
-2
-4
-3
-3
-3
-2
0
0
3
2
-2
-2
-4
-7
-8
-10
-11
-14
-16
-16
-13
-11
-10
-5
-3
-2
1
4
3
1
-1
3
4
3
6
5
4
6
6
4
4
5
3
2
2
2
4
2
5
5
1
0
-1
-2
-3
-3
-5
-3
-1
-1
-3
-2
0
0
3
3
1
-1
-3
-2
-6
-5
-5
-7
-7
-5
-7
-6
-4
-6
-5
-3
-2
-2
1
2
2
3
1
0
0
1
1
-1
-4
-6
-4
-7
-2
-1
-6
-3
-7
-6
-8
-5
-2
1
5
5
9
12
12
12
13
13
13
10
13
8
4
5
2
1
-1
-1
-1
-3
-5
0
0
0
1
-1
1
0
7
6
5
7
6
4
4
6
5
5
4
3
4
3
3
3
1
1
3
1
1
2
0
4
6
6
8
6
5
7
10
6
5
3
0
-1
-2
-2
-1
-1
-4
-3
-3
0
3
3
4
6
10
10
13
14
8
9
7
7
7
4
2
2
-1
-5
-6
-5
-7
-6
-2
-3
1
1
0
-2
-2
-2
-3
0
0
0
-1
2
2
1
3
3
1
3
3
3
3
2
1
3
3
5
7
9
8
6
8
9
10
12
8
7
4
0
-1
0
-1
-1
-3
-2
-6
-5
-2
-1
0
-2
-1
-4
-2
-2
-2
-3
-4
-5
-4
-4
-5
-8
-8
-12
-12
-11
-13
-15
-16
-15
-12
-13
-10
-4
-3
0
0
0
1
3
4
2
1
-3
-1
-1
-7
-6
-3
-5
-4
-6
-6
-7
-4
0
0
2
4
5
5
3
6
4
3
4
3
4
3
3
3
2
2
-1
-1
-1
-5
-3
-2
-2
0
1
1
1
1
1
2
0
1
2
3
-1
0
-1
-1
-2
-5
-5
-8
-9
-8
-9
-12
-12
-12
-14
-15
-12
-12
-12
-9
-8
-6
-9
-7
-8
-5
-3
-2
0
0
1
0
-1
0
-1
0
-1
-3
-6
-10
-8
-7
-10
-12
-10
-12
-12
-7
-9
-9
-8
-8
-10
-8
-6
-5
-6
-8
-7
-8
-7
-7
-9
-7
-10
-8
-7
-7
-6
-4
-6
-7
-6
-6
-8
-8
-10
-8
-6
-5
-4
-1
-2
-1
1
0
4
2
3
3
0
2
0
2
0
1
5
5
7
6
8
5
6
7
7
10
7
8
8
7
9
8
7
6
4
3
3
1
2
3
3
4
7
8
9
12
12
11
11
9
10
9
8
9
8
6
9
7
4
7
7
7
8
7
8
8
9
8
6
8
8
9
7
6
8
6
7
7
7
12
10
10
10
10
11
11
11
8
6
6
5
8
8
8
8
8
6
3
5
5
5
5
2
3
3
2
0
1
2
0
0
-1
-1
0
2
2
4
4
6
6
4
2
-1
0
-3
-3
-7
-7
-8
-11
-9
-11
-12
-16
-13
-15
-15
-10
-13
-10
-7
-8
-9
-8
-7
-10
-11
-9
-11
-13
-11
-10
-10
-9
-6
-6
-4
-4
-2
0
0
3
1
2
3
3
2
4
6
3
3
-1
-4
-4
-6
-5
-7
-6
-5
-4
-1
2
3
1
2
3
5
6
6
9
7
7
6
7
6
3
0
-4
-2
-3
-2
2
3
4
5
7
6
4
3
2
5
2
1
-2
-2
-2
-5
-5
-9
-10
-10
-11
-11
-9
-7
-6
-5
-3
0
0
-1
0
-2
-6
-3
-2
-1
-1
3
1
5
6
4
3
0
3
-2
0
-2
-1
-1
0
2
-4
5
2
5
5
5
8
6
7
4
1
-1
-3
-4
-5
-7
-8
-10
-10
-12
-9
-9
-5
-2
-2
1
0
3
2
2
3
0
-2
-7
-9
-15
-15
-11
-12
-12
-13
-14
-12
-7
-7
-7
-6
-5
-5
-3
-3
-5
-4
-3
-5
-7
-9
-11
-13
-9
-10
-10
-8
-9
-9
-9
-8
-6
-5
-6
-7
-6
-6
-4
-4
-4
-4
-6
-6
-9
-9
-9
-10
-12
-16
-16
-18
-14
-13
-13
-13
-10
-7
-7
-4
-3
1
-1
1
0
-1
0
0
0
-2
0
1
0
1
-2
-1
-2
-2
-2
-2
-1
1
4
6
8
10
9
13
13
13
14
14
13
7
8
4
3
3
0
0
-2
-3
-4
-2
-3
-4
-1
-1
0
2
3
5
5
6
8
6
5
7
6
6
6
7
8
7
8
7
6
5
5
2
2
1
2
3
4
5
4
3
4
5
5
8
7
6
7
6
6
5
8
6
6
6
4
4
4
7
8
10
11
11
11
10
11
11
11
12
12
13
12
13
12
11
9
8
8
7
11
9
8
9
7
7
6
6
7
10
11
12
11
11
8
10
9
6
4
2
1
0
-4
-5
-5
-8
-10
-11
-13
-10
-9
-11
-10
-12
-12
-14
-12
-9
-6
0
0
3
2
0
1
2
2
0
-2
0
-1
-2
-3
-1
-3
-4
-1
-2
-3
-4
-1
-4
-4
-2
-1
2
5
10
9
11
15
14
13
11
12
11
9
9
5
7
5
6
4
1
4
4
6
6
5
4
7
6
5
7
6
4
1
2
2
0
-4
-6
-4
-6
-8
-1
-1
0
-3
1
2
2
4
-2
1
-1
1
4
5
7
3
5
1
-4
-4
-9
-8
-12
-11
-14
-16
-12
-13
-10
-9
-6
-6
-4
-5
-2
-2
-2
-3
-3
-2
-4
-1
-2
-1
-2
-2
-1
-2
-4
-7
-8
-7
-9
-8
-8
-4
-2
-1
2
3
4
6
6
6
5
5
4
3
-1
-3
-7
-8
-9
-7
-5
-5
-4
-3
-1
-2
-4
-3
-1
-1
-2
-2
-4
0
-1
-5
-3
-10
-8
-9
-8
-5
-4
-3
-5
-4
-6
-7
-6
-3
1
2
3
5
8
7
7
12
10
12
9
6
11
9
12
14
15
16
16
19
19
20
18
15
15
10
9
7
6
3
3
6
6
10
10
9
10
9
11
5
5
3
-2
-1
-2
-3
-3
-3
-1
-1
3
5
9
11
13
13
9
10
10
6
4
6
2
0
0
1
0
-2
-1
-2
-2
-1
-2
-3
-4
-6
-6
-7
-6
-4
4
9
7
11
14
18
17
18
17
18
16
13
15
11
7
2
-3
-3
-3
-4
-5
-6
-8
-15
-15
-18
-20
-20
-20
-18
-16
-12
-12
-9
-10
-8
-5
-8
-3
-4
-9
-6
-7
-7
-8
-12
-10
-9
-5
1
5
13
16
19
24
25
25
23
21
19
13
8
3
1
0
0
-2
3
6
9
13
15
18
18
19
20
23
27
29
29
26
27
23
15
12
9
-1
-7
-12
-18
-22
-28
-33
-42
-52
-52
-52
-55
-49
-38
-29
-17
-5
0
5
11
15
15
17
14
6
0
-12
-17
-26
-30
-26
-25
-18
-10
-6
2
5
13
18
22
24
16
10
3
1
-7
-15
-20
-25
-28
-33
-27
-22
-24
-26
-30
-30
-33
-30
-27
-28
-24
-24
-23
-20
-20
-18
-20
-19
-21
-23
-19
-20
-29
-42
-53
-58
-68
-78
-78
-83
-94
-97
-97
-87
-79
-70
-61
-56
-45
-35
-20
-2
11
19
15
13
12
8
6
-3
-12
-18
-22
-18
-14
-9
-6
-2
4
8
14
15
14
10
1
-11
-14
-20
-27
-31
-39
-44
-43
-32
-14
-3
12
26
42
53
58
64
71
79
94
152
305
561
859
1125
1329
1455
1500
1415
1235
992
684
347
12
-237
-389
-483
-535
-566
-548
-505
-470
-445
-446
-466
-523
-603
-640
-654
-655
-693
-771
-845
-935
-1030
-1141
-1240
-1353
-1491
-1602
-1687
-1747
-1814
-1876
-1887
-1893
-1891
-1776
-1411
-783
-12
838
1722
2575
3311
3840
4214
4383
4264
3900
3396
2908
2412
1888
1403
972
579
178
-193
-505
-860
-1324
-1860
-2352
-2727
-3005
-3150
-3138
-2966
-2672
-2248
-1649
-931
-207
393
873
1253
1529
1714
1824
1861
1798
1650
1497
1397
1345
1300
1200
1037
811
565
323
44
-300
-725
-1160
-1543
-1834
-1993
-2025
-1955
-1808
-1577
-1249
-872
-499
-136
201
484
697
875
1078
1278
1422
1539
1670
1826
1974
2085
2160
2143
1997
1737
1427
1102
725
292
-150
-537
-848
-1077
-1201
-1236
-1231
-1237
-1234
-1199
-1169
-1178
-1262
-1377
-1521
-1686
-1818
-1897
-1887
-1836
-1743
-1595
-1409
-1195
-1046
-968
-999
-1139
-1300
-1510
-1690
-1855
-1980
-2000
-1874
-1317
-282
1021
2215
3132
4018
4828
5352
5435
5204
4863
4182
3221
2335
1795
1456
863
237
-110
-226
-401
-816
-1139
-1446
-2001
-2714
-3245
-3307
-3298
-3424
-3416
-3036
-2311
-1587
-786
161
999
1520
1739
2033
2369
2450
2201
1799
1511
1233
960
820
773
718
471
192
62
-15
-197
-626
-1163
-1655
-2032
-2263
-2385
-2362
-2233
-1990
-1624
-1100
-411
302
876
1233
1540
1834
2041
2132
2145
2169
2124
2043
2063
2189
2317
2261
2117
1971
1756
1471
1054
602
92
-491
-1006
-1387
-1565
-1692
-1818
-1872
-1851
-1746
-1683
-1670
-1701
-1834
-2022
-2239
-2336
-2326
-2275
-2211
-2167
-2003
-1798
-1629
-1530
-1545
-1579
-1705
-1871
-1971
-2029
-2001
-2018
-1905
-1293
-65
1540
2802
3680
4593
5572
6246
6229
5957
5688
5010
3834
2652
2085
1745
904
-114
-672
-720
-927
-1498
-1844
-1979
-2382
-3212
-3773
-3632
-3458
-3668
-3895
-3467
-2600
-1888
-1158
-147
971
1589
1768
2192
2800
3106
2796
2263
1999
1699
1274
881
699
587
141
-329
-505
-454
-506
-906
-1384
-1762
-2028
-2190
-2253
-2165
-1980
-1776
-1513
-1002
-225
590
1163
1494
1873
2293
2582
2695
2732
2760
2601
2331
2255
2354
2411
2195
1885
1706
1544
1285
917
562
130
-453
-1053
-1417
-1576
-1796
-2069
-2253
-2215
-2123
-2093
-2032
-1984
-2011
-2146
-2261
-2196
-2113
-2105
-2181
-2258
-2243
-2254
-2269
-2279
-2270
-2251
-2264
-2206
-1996
-1620
-1254
-982
-509
609
2351
3802
4582
5199
6120
6988
6908
6387
6135
5774
4688
3063
2195
2020
1298
-74
-1166
-1304
-1405
-2225
-2910
-2971
-2954
-3662
-4500
-4330
-3707
-3592
-3968
-3701
-2636
-1746
-1175
-401
852
1736
1875
2037
2618
3209
3038
2379
2001
1769
1402
794
407
367
31
-503
-888
-791
-523
-755
-1238
-1602
-1651
-1584
-1708
-1719
-1474
-1210
-1084
-905
-221
731
1314
1496
1805
2391
2817
2830
2779
2904
2807
2341
1950
1975
2074
1730
1188
959
914
701
285
22
-118
-573
-1217
-1639
-1712
-1861
-2293
-2650
-2693
-2617
-2589
-2498
-2239
-1933
-1846
-1829
-1696
-1540
-1496
-1697
-1974
-2157
-2352
-2533
-2727
-2869
-2909
-3026
-3064
-2815
-2276
-1639
-981
176
1979
3683
4716
5426
6466
7477
7544
6900
6481
6277
5424
3895
2796
2468
1867
544
-614
-885
-993
-1836
-2805
-3109
-3134
-3729
-4577
-4686
-4183
-4033
-4287
-4037
-3037
-2013
-1399
-659
502
1493
1909
2161
2718
3275
3218
2722
2323
2057
1678
1039
512
207
-188
-653
-1013
-1055
-952
-1092
-1370
-1587
-1591
-1473
-1474
-1436
-1248
-1014
-840
-647
-154
573
1087
1326
1655
2201
2676
2849
2935
3125
3130
2769
2388
2251
2159
1719
1069
669
458
147
-303
-614
-750
-1046
-1514
-1831
-1909
-2004
-2324
-2640
-2703
-2628
-2572
-2529
-2323
-2032
-1838
-1702
-1495
-1223
-1091
-1247
-1532
-1759
-1972
-2239
-2549
-2795
-2967
-3116
-3161
-2912
-2400
-1708
-669
888
2742
4201
5155
6085
7119
7698
7356
6706
6288
5662
4456
3147
2464
2099
1192
18
-582
-605
-938
-1838
-2529
-2741
-3082
-3920
-4580
-4510
-4264
-4435
-4591
-3988
-2886
-1986
-1294
-339
884
1713
2048
2447
3007
3289
2929
2322
1986
1715
1220
575
137
-75
-436
-836
-973
-818
-734
-979
-1251
-1284
-1178
-1185
-1240
-1145
-901
-689
-517
-100
589
1224
1531
1751
2183
2660
2865
2813
2802
2867
2684
2308
2085
2008
1827
1332
854
628
430
89
-357
-694
-962
-1368
-1833
-2117
-2268
-2424
-2678
-2865
-2786
-2621
-2489
-2357
-2161
-1893
-1690
-1577
-1430
-1305
-1341
-1595
-1888
-2047
-2220
-2467
-2723
-2836
-2851
-2950
-2983
-2598
-1567
35
1769
3217
4439
5676
6927
7755
7823
7492
6988
6119
4796
3431
2575
1817
673
-538
-1178
-1204
-1359
-1860
-2195
-2305
-2585
-3190
-3608
-3493
-3476
-3903
-4331
-4109
-3384
-2713
-2030
-1050
98
933
1574
2405
3368
3880
3653
3166
2754
2273
1551
698
37
-554
-1263
-1750
-1812
-1500
-1280
-1331
-1305
-1139
-865
-664
-586
-535
-555
-602
-546
-239
333
893
1240
1563
2131
2826
3289
3424
3464
3450
3167
2692
2326
2097
1716
989
317
19
-145
-443
-878
-1162
-1333
-1644
-1983
-2127
-2114
-2265
-2607
-2770
-2643
-2437
-2348
-2287
-2070
-1846
-1712
-1598
-1382
-1159
-1217
-1505
-1793
-1911
-1975
-2154
-2351
-2503
-2605
-2804
-2987
-2631
-1368
567
2193
3189
4278
5886
7471
7989
7698
7504
7128
5962
4219
3041
2536
1437
-383
-1775
-1908
-1664
-2112
-2678
-2643
-2385
-2720
-3300
-3124
-2555
-2654
-3486
-3915
-3361
-2661
-2275
-1850
-967
4
569
1169
2170
3276
3683
3323
2936
2752
2493
1752
768
-59
-910
-1769
-2368
-2393
-2032
-1945
-2119
-2105
-1637
-991
-644
-521
-406
-340
-374
-336
73
702
1057
1132
1452
2205
3005
3434
3580
3754
3755
3460
3078
2830
2534
1824
899
235
-99
-403
-854
-1302
-1599
-1874
-2133
-2235
-2175
-2139
-2311
-2562
-2580
-2386
-2190
-2111
-2106
-1983
-1799
-1627
-1420
-1184
-989
-1057
-1327
-1489
-1454
-1361
-1523
-1831
-2054
-2214
-2460
-2786
-2698
-1738
-111
1411
2539
3732
5411
7058
7830
7848
7801
7656
6767
5160
3779
2957
1826
58
-1532
-2042
-2047
-2519
-3131
-3175
-2757
-2770
-3162
-3056
-2466
-2343
-2986
-3461
-3115
-2526
-2354
-2226
-1564
-629
-8
482
1428
2659
3345
3299
3152
3286
3249
2567
1610
810
33
-962
-1880
-2177
-2051
-2082
-2309
-2265
-1725
-1116
-792
-592
-310
-112
-152
-231
-1
451
679
720
974
1644
2393
2823
3080
3439
3743
3710
3429
3174
2946
2351
1455
696
226
-195
-836
-1453
-1808
-2029
-2306
-2545
-2594
-2578
-2722
-2902
-2892
-2694
-2522
-2447
-2302
-2103
-1892
-1710
-1509
-1256
-1046
-982
-1028
-1086
-1124
-1223
-1451
-1704
-1847
-1913
-2140
-2512
-2767
-2371
-1037
761
2436
3734
4955
6378
7563
8159
8223
7922
7210
5858
4320
3115
2154
938
-649
-1879
-2388
-2575
-2786
-2984
-2948
-2935
-3178
-3257
-2953
-2555
-2641
-3104
-3334
-3168
-2780
-2355
-1795
-1115
-506
39
799
1893
2932
3472
3526
3392
3284
2993
2422
1718
843
-168
-1200
-1874
-1992
-1898
-1899
-1957
-1827
-1417
-907
-436
-50
142
98
-60
-52
195
496
621
664
881
1366
2003
2551
2993
3330
3481
3408
3223
3049
2757
2152
1294
463
-156
-657
-1174
-1654
-2043
-2289
-2516
-2631
-2575
-2490
-2473
-2614
-2672
-2556
-2412
-2312
-2288
-2245
-2134
-2069
-1938
-1675
-1301
-985
-898
-890
-856
-866
-1040
-1314
-1555
-1825
-2319
-2899
-3172
-2556
-1077
583
1853
2967
4626
6603
8001
8430
8564
8618
7977
6464
4972
4017
2901
984
-1062
-2068
-2319
-2732
-3379
-3564
-3331
-3317
-3629
-3527
-2885
-2673
-3171
-3714
-3709
-3420
-3295
-3126
-2592
-1967
-1406
-741
338
1699
2731
3279
3542
3776
3972
3774
3175
2403
1417
322
-699
-1362
-1573
-1726
-1990
-2072
-1776
-1161
-580
-195
175
455
500
430
476
678
732
494
430
710
1167
1545
1831
2249
2610
2759
2792
2822
2770
2422
1809
1213
720
232
-316
-800
-1190
-1525
-1781
-1951
-2004
-2123
-2282
-2418
-2531
-2579
-2603
-2565
-2564
-2590
-2572
-2441
-2206
-2030
-1854
-1717
-1658
-1597
-1546
-1488
-1485
-1652
-1811
-1962
-2201
-2468
-2776
-2765
-1981
-275
1709
3234
4509
6209
8300
9616
9827
9735
9589
8774
6891
4977
3772
2453
351
-1876
-2940
-3148
-3619
-4283
-4435
-4018
-3876
-4161
-3985
-3370
-3115
-3614
-4154
-4014
-3669
-3422
-3193
-2572
-1705
-977
-128
1074
2530
3623
4136
4375
4613
4684
4229
3361
2369
1212
-52
-1224
-1901
-2103
-2320
-2578
-2600
-2077
-1286
-676
-227
218
610
670
486
510
687
693
381
240
589
1088
1483
1764
2262
2797
3042
3049
3047
3071
2774
2050
1318
792
308
-355
-1038
-1449
-1708
-1948
-2167
-2162
-2131
-2238
-2427
-2528
-2442
-2395
-2454
-2510
-2530
-2497
-2394
-2230
-1932
-1718
-1599
-1481
-1280
-1010
-822
-763
-910
-1128
-1409
-1659
-1850
-2177
-2585
-3059
-2936
-1534
627
2479
3623
4950
7034
8847
9448
9497
9561
9140
7437
5294
4054
3134
1401
-996
-2544
-2896
-3158
-3798
-4044
-3672
-3486
-3907
-4114
-3525
-3018
-3360
-4189
-4467
-4342
-4160
-3908
-3328
-2458
-1842
-1150
-49
1541
3098
3991
4409
4621
4765
4637
4004
3137
2076
763
-541
-1486
-1795
-1793
-1941
-2134
-2026
-1346
-479
173
590
867
941
695
582
765
973
685
181
138
520
999
1312
1658
2041
2194
2171
2304
2582
2588
1982
1197
668
315
-110
-648
-1000
-1336
-1742
-2042
-2069
-1943
-2092
-2404
-2652
-2726
-2676
-2708
-2727
-2746
-2703
-2553
-2286
-1875
-1506
-1259
-1196
-1158
-967
-738
-669
-878
-1263
-1548
-1796
-2026
-2232
-2500
-2783
-2797
-1662
500
2468
3734
4844
6710
8575
9188
9173
9169
8931
7486
5250
3828
2993
1636
-562
-2223
-2597
-2780
-3305
-3697
-3428
-3104
-3547
-3918
-3633
-3190
-3447
-4404
-4813
-4766
-4522
-4259
-3779
-2818
-2025
-1181
-67
1514
3168
4152
4631
4820
4957
4800
4124
3296
2286
1062
-229
-1276
-1643
-1646
-1652
-1753
-1659
-1019
-236
365
687
949
1070
820
593
607
762
539
91
-2
274
690
953
1255
1647
1852
1885
1973
2170
2186
1688
998
530
186
-205
-698
-990
-1182
-1468
-1716
-1751
-1604
-1646
-1889
-2154
-2300
-2337
-2447
-2594
-2681
-2658
-2498
-2318
-2031
-1670
-1419
-1240
-1154
-963
-741
-734
-903
-1133
-1297
-1463
-1736
-2007
-2192
-2481
-2696
-2007
-113
1918
3176
4108
5766
7913
8948
8940
8909
8885
7943
5805
4135
3314
2211
130
-1930
-2565
-2641
-3105
-3676
-3628
-3169
-3331
-3775
-3609
-3054
-3035
-3911
-4571
-4574
-4374
-4195
-4007
-3273
-2436
-1647
-639
776
2533
3761
4403
4691
4939
5059
4578
3765
2779
1562
262
-881
-1370
-1372
-1457
-1609
-1567
-1000
-183
393
769
1070
1245
1107
828
789
892
703
157
-177
-34
306
531
651
965
1270
1412
1516
1689
1863
1568
909
398
99
-157
-589
-997
-1181
-1357
-1588
-1671
-1500
-1407
-1634
-1988
-2137
-2079
-2132
-2321
-2390
-2280
-2082
-1907
-1636
-1229
-984
-928
-971
-895
-776
-880
-1110
-1341
-1522
-1748
-2066
-2222
-2262
-2422
-2761
-2687
-1235
910
2539
3456
4478
6399
7988
8333
8249
8265
7984
6460
4582
3680
3111
1799
-361
-1632
-1781
-2007
-2616
-3094
-2839
-2861
-3524
-3894
-3592
-3225
-3817
-4785
-4991
-4768
-4440
-4256
-3690
-2661
-1884
-1055
37
1725
3266
4006
4317
4484
4781
4657
3995
3200
2210
1090
-22
-737
-784
-729
-847
-1027
-905
-281
336
723
903
979
944
641
468
542
589
301
-215
-282
14
367
537
656
970
1154
1195
1273
1424
1436
941
306
-44
-255
-500
-920
-1137
-1206
-1369
-1477
-1412
-1153
-1167
-1498
-1782
-1863
-1843
-2012
-2214
-2189
-2067
-1945
-1840
-1552
-1156
-958
-912
-839
-672
-603
-762
-1004
-1212
-1519
-1899
-2223
-2410
-2628
-3059
-3329
-2595
-649
1317
2535
3460
5005
7094
8184
8245
8277
8246
7521
5713
4295
3712
2798
949
-993
-1608
-1667
-2132
-2755
-2902
-2682
-3053
-3691
-3635
-3270
-3409
-4393
-5092
-4984
-4811
-4537
-4234
-3353
-2395
-1681
-597
890
2653
3784
4256
4537
4779
4907
4443
3657
2802
1715
642
-310
-665
-542
-637
-852
-987
-536
219
644
844
911
1002
845
547
534
617
497
-18
-333
-157
148
330
339
546
799
861
914
1049
1213
983
423
70
-86
-187
-510
-808
-872
-982
-1129
-1210
-1036
-958
-1232
-1599
-1784
-1752
-1834
-2067
-2134
-2052
-1980
-1948
-1769
-1370
-1119
-1048
-1023
-879
-702
-750
-916
-1119
-1383
-1720
-2024
-2230
-2399
-2759
-3143
-2794
-1222
836
2230
3154
4320
6238
7725
8014
8084
8053
7640
6133
4512
3754
3001
1542
-463
-1524
-1655
-2008
-2512
-2775
-2611
-2708
-3382
-3464
-3157
-3064
-3753
-4681
-4729
-4678
-4425
-4146
-3506
-2510
-1878
-908
410
2130
3509
4059
4417
4619
4778
4475
3717
2992
2006
888
-133
-681
-585
-658
-865
-943
-626
84
508
797
999
1076
898
556
503
573
481
16
-366
-325
-91
91
186
350
571
655
685
852
1016
947
505
122
-25
-189
-417
-661
-770
-891
-1045
-1084
-923
-845
-1096
-1427
-1657
-1748
-1816
-1981
-2117
-2121
-2182
-2146
-1972
-1690
-1358
-1281
-1244
-1159
-1036
-977
-1155
-1393
-1646
-1938
-2197
-2491
-2798
-3010
-2541
-954
930
2372
3374
4794
6815
8045
8328
8285
8261
7758
6025
4408
3340
2276
601
-1399
-2237
-2505
-2836
-3265
-3400
-2999
-2884
-2996
-2830
-2506
-2327
-2863
-3497
-3747
-3890
-3714
-3716
-3325
-2732
-2077
-963
220
1853
3179
3990
4534
4730
4979
4684
3860
2917
1715
525
-683
-1453
-1626
-1810
-1996
-1985
-1394
-450
205
650
1020
1383
1474
1272
1194
1106
911
352
-106
-164
-80
26
22
201
494
785
956
1202
1341
1259
969
557
332
-32
-464
-902
-1232
-1387
-1516
-1554
-1426
-1311
-1326
-1386
-1422
-1368
-1369
-1464
-1613
-1644
-1701
-1750
-1715
-1668
-1432
-1378
-1378
-1241
-1086
-907
-1028
-1249
-1419
-1611
-1828
-2181
-2606
-2943
-2567
-1165
569
1915
2905
4350
6374
7700
8200
8406
8525
8092
6451
4969
3903
2683
827
-1299
-2311
-2816
-3350
-3784
-3854
-3495
-3361
-3343
-2829
-2273
-2006
-2372
-2853
-2991
-3300
-3302
-3369
-3131
-2805
-2533
-1620
-492
1059
2343
3236
4047
4564
4961
4830
4274
3534
2385
1095
-175
-1057
-1468
-2005
-2429
-2559
-2110
-1238
-570
91
658
1181
1441
1439
1614
1678
1498
960
463
347
310
182
62
131
390
591
686
994
1279
1368
1106
759
642
408
16
-505
-932
-1168
-1381
-1559
-1643
-1699
-1747
-1862
-1942
-1952
-1899
-1854
-1969
-1962
-1956
-1804
-1636
-1600
-1348
-1289
-1241
-1173
-1111
-868
-1022
-1371
-1671
-1846
-1930
-2342
-2815
-2904
-2127
-507
982
2209
3435
5141
7162
8096
8518
8755
8812
8151
6359
5051
3921
2461
316
-1722
-2519
-3103
-3821
-4347
-4300
-3795
-3690
-3575
-2882
-2211
-1897
-2378
-2648
-2636
-2887
-3036
-3392
-3086
-2799
-2571
-1845
-857
775
2001
2898
3797
4573
5248
5121
4616
3943
2863
1563
175
-681
-1189
-1938
-2582
-2841
-2411
-1678
-1130
-428
268
923
1265
1418
1742
1882
1742
1212
803
685
607
476
316
378
584
817
989
1311
1567
1640
1468
1191
1062
710
279
-249
-707
-1110
-1545
-1713
-1751
-1850
-2041
-2164
-2068
-1967
-2036
-2088
-2124
-2043
-2111
-2073
-1803
-1653
-1495
-1592
-1528
-1334
-1286
-1230
-1347
-1433
-1611
-1905
-2044
-2271
-2550
-2949
-2868
-1572
188
1635
2651
3971
6135
7799
8412
8740
8968
8954
7508
5831
4783
3560
1792
-732
-2149
-2799
-3580
-4306
-4703
-4318
-4028
-4092
-3600
-2822
-2197
-2165
-2689
-2697
-2868
-2941
-3156
-3330
-3039
-2980
-2459
-1758
-501
1009
2062
3046
3820
4700
5219
5061
4621
3793
2714
1406
187
-540
-1186
-1957
-2565
-2724
-2248
-1611
-1087
-505
97
672
988
1291
1632
1835
1604
1140
917
940
944
697
639
739
970
1054
1236
1666
1849
1766
1394
1297
1238
833
306
-202
-499
-872
-1291
-1468
-1531
-1655
-1957
-2121
-2058
-2009
-2043
-2243
-2263
-2211
-2122
-1907
-1706
-1454
-1425
-1421
-1296
-1150
-950
-1030
-1222
-1497
-1832
-1937
-2114
-2258
-2594
-3086
-3281
-2837
-1214
614
1980
3060
4385
6528
8066
8658
8907
8911
8595
7050
5482
4475
3328
1568
-799
-2057
-2558
-3096
-3658
-3989
-3689
-3599
-3743
-3361
-2731
-2364
-2766
-3490
-3670
-3799
-3773
-3861
-3795
-3495
-3294
-2520
-1435
117
1570
2580
3479
4170
4883
5192
5021
4503
3528
2379
1162
157
-526
-1180
-1750
-2145
-2221
-1824
-1214
-602
-145
128
501
859
1159
1314
1295
1146
804
551
567
729
751
677
690
972
1246
1488
1784
1830
1736
1432
1276
1172
832
466
10
-290
-613
-914
-988
-1133
-1352
-1649
-1878
-1918
-1995
-2118
-2276
-2372
-2301
-2218
-1962
-1745
-1566
-1441
-1471
-1276
-1111
-1031
-1168
-1443
-1562
-1732
-1935
-2180
-2271
-2319
-2526
-2804
-2918
-2207
-653
1083
2290
3204
4476
6287
7605
7898
8019
7987
7579
6212
4937
4299
3364
1708
-303
-1238
-1542
-2114
-2733
-3021
-3008
-3201
-3656
-3445
-3122
-3229
-3688
-4287
-4235
-4349
-4257
-3968
-3616
-3096
-2745
-1800
-615
692
1846
2635
3318
3748
4198
4423
4313
3835
2952
2028
1163
530
139
-274
-743
-1159
-1364
-1113
-730
-329
-113
-39
145
285
582
780
885
712
385
270
379
612
664
655
686
882
1071
1342
1634
1738
1611
1291
1184
1148
1064
828
447
91
-231
-358
-390
-580
-978
-1355
-1621
-1825
-1987
-2078
-2138
-2263
-2382
-2278
-1962
-1771
-1595
-1492
-1378
-1363
-1498
-1351
-1305
-1452
-1761
-2020
-1924
-1888
-1921
-1927
-1897
-1838
-1918
-1993
-1983
-1516
-279
990
1804
2416
3382
5067
6084
6300
6565
6869
7006
6023
5209
4846
4096
2764
1022
287
-173
-1120
-2114
-2916
-3306
-3869
-4566
-4498
-4335
-4332
-4576
-4702
-4102
-3721
-3221
-2799
-2281
-1644
-1380
-783
-152
656
1307
1631
2049
2367
2844
3090
3161
3167
2872
2514
2052
1668
1328
773
182
-343
-685
-706
-748
-657
-605
-467
-172
51
391
569
799
741
611
627
732
814
569
464
464
658
649
603
792
922
987
894
1028
1219
1279
1215
1064
1009
832
561
278
-70
-463
-844
-1248
-1585
-1874
-2090
-2251
-2426
-2410
-2318
-2161
-2151
-2061
-1867
-1823
-1832
-1965
-1857
-1842
-1994
-2102
-2046
-1807
-1754
-1696
-1555
-1324
-1261
-1441
-1668
-1855
-1544
-566
580
1370
1964
2967
4625
5806
6308
6748
7228
7426
6575
5808
5413
4747
3315
1352
198
-569
-1573
-2767
-3668
-4084
-4510
-5007
-4897
-4329
-3792
-3614
-3637
-3120
-2587
-2106
-1854
-1709
-1414
-1359
-1195
-896
-264
415
836
1244
1790
2617
3208
3543
3661
3520
3192
2577
2048
1592
963
207
-552
-1038
-1095
-1068
-942
-865
-697
-288
26
443
732
999
1004
707
614
648
690
387
7
-99
-25
27
141
438
776
933
1016
1381
1818
2071
1997
1839
1721
1498
1175
774
358
-198
-790
-1346
-1738
-1934
-2110
-2286
-2454
-2483
-2335
-2157
-2080
-2001
-1899
-1859
-1909
-1992
-1964
-1920
-1991
-2081
-2072
-1942
-1843
-1847
-1836
-1849
-1868
-1928
-2088
-2292
-2593
-2475
-1455
-95
984
1691
2690
4461
5958
6693
7163
7686
8035
7304
6283
5676
4952
3608
1469
12
-733
-1645
-2685
-3604
-3814
-3890
-4163
-4040
-3517
-2973
-2857
-3097
-3005
-2807
-2663
-2636
-2749
-2653
-2644
-2429
-1960
-1210
-257
509
1270
1977
2823
3538
3938
4076
3822
3429
2846
2244
1699
1063
428
-229
-775
-936
-790
-542
-415
-379
-49
336
576
635
665
715
426
54
-165
-159
-240
-498
-576
-370
-18
277
717
1234
1667
1966
2236
2580
2770
2730
2506
2177
1751
1280
823
366
-225
-802
-1204
-1566
-1810
-2118
-2322
-2450
-2672
-2730
-2759
-2659
-2622
-2645
-2607
-2582
-2504
-2502
-2434
-2399
-2404
-2418
-2423
-2296
-2194
-2110
-2070
-2065
-1981
-1985
-2098
-2246
-2080
-1050
403
1581
2421
3389
5057
6636
7300
7627
7864
8064
7403
6098
5334
4528
3313
1374
-176
-754
-1434
-2273
-3128
-3416
-3441
-3821
-3958
-3697
-3387
-3367
-3735
-3797
-3589
-3429
-3290
-3250
-3017
-2776
-2422
-1812
-994
-3
798
1526
2202
2943
3644
3967
4079
3852
3454
2924
2271
1791
1238
619
-29
-604
-794
-694
-533
-423
-445
-263
27
175
277
283
357
198
-117
-210
-80
58
-3
-7
223
626
961
1360
1828
2199
2433
2571
2812
2942
2848
2593
2202
1764
1255
757
312
-235
-846
-1386
-1871
-2210
-2468
-2685
-2831
-3081
-3158
-3093
-2977
-2824
-2817
-2741
-2705
-2708
-2686
-2621
-2528
-2548
-2624
-2659
-2522
-2314
-2135
-1984
-1766
-1497
-1290
-1216
-1219
-1058
-374
875
2018
2843
3542
4638
6105
6879
7163
7319
7494
7318
6253
5408
4756
3836
2379
663
-204
-895
-1819
-2735
-3438
-3665
-4078
-4436
-4286
-4077
-3871
-4018
-4097
-3837
-3658
-3305
-3126
-2880
-2598
-2279
-1607
-934
-63
754
1512
2162
2700
3381
3826
4063
3939
3538
3111
2487
1921
1385
748
106
-616
-1034
-1104
-1085
-908
-858
-670
-369
-128
193
410
671
703
582
550
626
762
683
604
662
900
1131
1370
1730
2038
2271
2373
2569
2746
2678
2433
2068
1665
1169
612
131
-372
-1029
-1680
-2235
-2531
-2774
-3064
-3272
-3472
-3534
-3540
-3443
-3242
-3088
-2997
-2911
-2795
-2645
-2550
-2551
-2506
-2469
-2389
-2219
-2042
-1733
-1494
-1293
-1018
-756
-471
-468
-677
-807
-323
899
2003
2728
3311
4300
5744
6552
6874
7167
7372
7187
6070
5191
4621
3799
2411
615
-400
-1166
-1991
-2820
-3521
-3830
-4272
-4615
-4553
-4361
-4109
-4171
-4252
-4116
-3897
-3355
-2983
-2662
-2368
-2045
-1380
-780
27
896
1593
2146
2488
3101
3645
3895
3812
3396
3003
2410
1839
1371
882
335
-375
-864
-886
-695
-471
-363
-227
99
365
655
942
1174
1219
1004
838
863
928
875
749
680
819
972
1222
1599
1883
2074
2149
2300
2459
2445
2265
1917
1473
964
465
28
-508
-1216
-1910
-2466
-2834
-3155
-3494
-3770
-3935
-3982
-3945
-3766
-3519
-3251
-3086
-2985
-2785
-2592
-2428
-2338
-2236
-2064
-1930
-1792
-1601
-1296
-994
-815
-657
-389
-181
-165
-370
-508
63
1121
2215
2896
3367
4314
5513
6303
6578
6677
6865
6642
5686
4830
4175
3487
2114
443
-581
-1324
-2023
-2987
-3765
-4148
-4524
-4802
-4811
-4575
-4315
-4286
-4294
-4054
-3647
-3114
-2701
-2410
-2133
-1770
-1205
-560
167
866
1479
1981
2437
3031
3525
3821
3730
3371
2979
2486
2035
1529
980
412
-179
-606
-633
-492
-285
-181
-89
274
555
866
1059
1225
1298
1099
977
953
994
917
741
689
836
1024
1261
1551
1803
2038
2151
2301
2426
2383
2200
1806
1330
842
345
-174
-833
-1594
-2193
-2690
-3098
-3401
-3704
-3810
-3964
-4041
-3872
-3636
-3319
-3148
-2984
-2764
-2505
-2245
-2035
-1868
-1748
-1556
-1382
-1141
-891
-613
-290
-159
3
173
377
508
202
-245
-616
-434
468
1368
1986
2411
3137
4433
5394
5898
6250
6423
6388
5572
4839
4429
3676
2423
632
-559
-1338
-2214
-3040
-3831
-4277
-4691
-5032
-4907
-4508
-4090
-3943
-3961
-3756
-3357
-2810
-2455
-2260
-2093
-1892
-1497
-1071
-330
477
1086
1576
2023
2861
3554
3837
3882
3614
3303
2670
2054
1739
1233
551
-251
-707
-601
-448
-340
-185
58
457
724
964
1361
1643
1667
1331
1025
1017
1029
836
503
366
463
652
866
1244
1715
2009
2161
2263
2461
2517
2241
1792
1239
646
-6
-708
-1375
-2022
-2647
-3115
-3515
-3714
-3805
-3891
-3816
-3762
-3473
-3109
-2850
-2544
-2345
-2071
-1804
-1601
-1311
-1116
-983
-869
-745
-464
-211
-37
114
187
270
318
318
280
132
-153
-530
-1007
-1260
-839
115
1032
1535
2041
3153
4577
5443
5754
5940
6167
5990
5165
4426
3791
2867
1314
-375
-1368
-2031
-2763
-3628
-4364
-4657
-4815
-4801
-4456
-4075
-3701
-3599
-3565
-3305
-2956
-2483
-2255
-2185
-2087
-1824
-1271
-633
150
904
1568
2110
2667
3374
3856
4040
3800
3368
2947
2382
1910
1426
847
281
-278
-439
-260
-56
142
202
414
726
960
1189
1276
1248
989
618
436
434
376
162
0
67
371
697
1110
1571
1865
2025
2067
2185
2241
1978
1501
845
180
-463
-1099
-1623
-2208
-2791
-3194
-3415
-3417
-3366
-3281
-3100
-2931
-2714
-2388
-2049
-1745
-1565
-1441
-1257
-1062
-851
-658
-493
-375
-261
-85
199
510
647
686
684
756
784
635
445
116
-259
-766
-1378
-1830
-2042
-1645
-803
-25
635
1334
2555
3987
4797
5191
5408
5641
5471
4599
3853
3137
2209
802
-682
-1498
-2133
-2814
-3514
-3931
-3968
-3980
-3894
-3594
-3232
-3002
-2914
-2822
-2630
-2406
-2220
-2054
-1940
-1816
-1481
-1009
-395
287
926
1639
2177
2715
3298
3659
3844
3609
3263
2915
2422
1975
1455
941
446
5
-173
-111
-23
27
93
214
460
627
684
719
624
504
315
117
63
-31
-82
-90
-38
231
500
816
1127
1331
1559
1643
1625
1493
1205
886
422
-128
-683
-1163
-1565
-1966
-2307
-2486
-2519
-2539
-2499
-2366
-2141
-1933
-1797
-1542
-1245
-1019
-851
-721
-497
-285
-177
-20
129
295
419
463
605
720
834
837
669
502
268
21
-352
-837
-1250
-1623
-2008
-2479
-2921
-3091
-2744
-1806
-677
272
1089
2109
3466
4513
4956
5153
5271
5193
4515
3649
3013
2288
1242
-48
-858
-1227
-1662
-2159
-2598
-2714
-2735
-2843
-2737
-2572
-2467
-2513
-2687
-2647
-2585
-2424
-2270
-2193
-2001
-1770
-1237
-643
12
751
1392
2040
2511
3017
3449
3589
3541
3203
2824
2360
1809
1346
778
228
-262
-604
-626
-603
-561
-494
-401
-146
46
179
243
241
202
9
-182
-308
-335
-376
-419
-338
-90
271
599
949
1272
1541
1704
1722
1667
1491
1202
824
339
-160
-582
-942
-1249
-1556
-1725
-1713
-1672
-1593
-1459
-1199
-962
-868
-775
-614
-455
-446
-469
-423
-329
-304
-325
-211
-63
34
61
109
209
227
182
73
-126
-415
-745
-1050
-1352
-1749
-2131
-2398
-2566
-2713
-2901
-2937
-2707
-2027
-1007
8
900
1695
2697
3784
4434
4738
4898
5025
4892
4287
3742
3255
2652
1752
788
226
-252
-786
-1359
-1798
-2044
-2314
-2533
-2555
-2545
-2573
-2651
-2668
-2561
-2413
-2158
-1890
-1637
-1427
-1114
-656
-166
359
842
1348
1731
2003
2262
2400
2476
2322
1982
1560
1062
686
350
-40
-453
-795
-939
-886
-803
-658
-504
-367
-232
-119
77
223
285
230
120
46
45
106
166
269
380
565
778
1007
1303
1496
1575
1542
1475
1426
1262
1047
790
494
192
-82
-243
-352
-534
-678
-736
-761
-803
-900
-891
-884
-963
-1072
-1125
-1074
-1051
-1051
-983
-844
-700
-543
-391
-267
-187
-191
-200
-268
-446
-615
-829
-1101
-1419
-1717
-1866
-1975
-2134
-2207
-2185
-2061
-1996
-2047
-1996
-1759
-1071
-104
795
1504
2130
3018
4037
4668
4939
5112
5265
5215
4693
4183
3762
3177
2284
1244
554
39
-568
-1253
-1866
-2260
-2520
-2688
-2691
-2614
-2553
-2515
-2454
-2298
-2056
-1781
-1588
-1481
-1419
-1275
-984
-700
-386
-128
141
421
644
956
1144
1244
1208
1040
897
702
539
365
76
-250
-516
-642
-593
-561
-504
-395
-246
-12
190
450
723
874
910
883
914
991
943
768
658
661
739
772
778
916
1036
1099
1122
1200
1338
1313
1141
975
869
736
505
199
-60
-338
-638
-861
-1016
-1105
-1260
-1419
-1452
-1424
-1375
-1374
-1363
-1289
-1231
-1186
-1086
-968
-866
-857
-941
-951
-964
-946
-976
-1086
-1155
-1216
-1188
-1159
-1161
-1138
-1088
-1031
-973
-930
-862
-780
-847
-971
-1106
-1012
-446
378
1167
1692
2233
3092
4083
4725
4959
5089
5137
4942
4370
3853
3371
2673
1668
613
-1
-488
-1009
-1562
-2023
-2268
-2426
-2464
-2309
-2142
-2078
-2073
-2122
-2071
-1996
-1883
-1845
-1975
-2074
-2061
-1836
-1584
-1309
-972
-644
-312
11
464
875
1131
1181
1099
1073
999
959
865
628
306
-1
-111
-27
67
131
175
256
461
701
966
1131
1159
1106
965
857
783
706
574
366
264
337
529
744
898
1010
1094
1194
1314
1417
1402
1238
983
688
416
166
-116
-447
-798
-1088
-1268
-1358
-1389
-1392
-1395
-1424
-1439
-1345
-1191
-1087
-1096
-1203
-1223
-1196
-1139
-1051
-1025
-975
-952
-894
-756
-603
-420
-327
-315
-287
-204
-76
-72
-193
-270
-304
-313
-342
-382
-365
-442
-652
-867
-992
-877
-473
106
626
1007
1454
2201
3058
3547
3737
3884
4095
4094
3748
3438
3128
2630
1816
987
530
133
-415
-1012
-1508
-1751
-1922
-2062
-2058
-2121
-2216
-2346
-2466
-2457
-2460
-2411
-2446
-2566
-2629
-2546
-2279
-1987
-1677
-1321
-863
-346
215
808
1275
1602
1786
1909
1971
1901
1780
1575
1214
821
509
359
282
93
-5
39
149
293
383
514
609
592
528
481
463
399
246
83
-13
-10
75
155
278
436
579
726
866
1040
1180
1165
1044
940
840
661
398
125
-100
-346
-638
-870
-1017
-1152
-1321
-1458
-1499
-1470
-1438
-1423
-1367
-1273
-1185
-1086
-963
-794
-611
-483
-392
-306
-172
-18
91
154
187
251
289
264
217
179
130
5
-166
-300
-377
-499
-689
-886
-1057
-1224
-1497
-1756
-1924
-1900
-1527
-928
-252
364
1017
1949
2960
3683
4132
4485
4809
4839
4499
4134
3754
3182
2308
1397
791
261
-347
-934
-1406
-1714
-1943
-2105
-2105
-2128
-2252
-2380
-2534
-2668
-2789
-2839
-2875
-3004
-3098
-2968
-2600
-2166
-1718
-1181
-503
123
695
1304
1830
2211
2317
2268
2211
2045
1785
1458
1088
739
413
198
156
153
168
156
150
224
243
240
180
33
-124
-313
-451
-506
-551
-597
-590
-493
-267
4
297
622
887
1134
1308
1424
1506
1447
1330
1154
916
691
444
209
-15
-257
-416
-519
-586
-638
-729
-761
-788
-835
-863
-929
-960
-999
-1062
-1070
-1005
-872
-724
-615
-490
-289
-111
-7
28
61
130
93
-6
-96
-181
-250
-411
-530
-572
-655
-719
-789
-806
-825
-938
-1033
-1119
-1257
-1451
-1661
-1721
-1544
-1113
-439
211
846
1572
2452
3402
4029
4457
4800
5011
4991
4676
4346
3930
3239
2327
1440
763
126
-572
-1222
-1750
-2127
-2410
-2566
-2602
-2659
-2706
-2778
-2806
-2821
-2813
-2717
-2729
-2749
-2742
-2546
-2162
-1799
-1341
-850
-293
257
781
1330
1763
2051
2168
2193
2143
2000
1828
1610
1285
915
593
382
277
127
-10
-128
-224
-253
-261
-243
-286
-379
-505
-591
-628
-614
-569
-582
-541
-434
-191
106
339
614
864
1117
1374
1556
1712
1720
1588
1460
1300
1150
959
698
440
122
-143
-333
-512
-703
-943
-1133
-1271
-1359
-1386
-1328
-1265
-1231
-1170
-1045
-854
-757
-702
-638
-578
-501
-470
-400
-321
-316
-293
-219
-113
31
124
199
259
218
198
181
102
-78
-346
-538
-700
-895
-1099
-1282
-1380
-1512
-1667
-1696
-1586
-1274
-734
4
780
1520
2246
3080
3934
4435
4738
4873
4899
4726
4210
3698
3076
2321
1453
582
-54
-676
-1284
-1784
-2213
-2491
-2681
-2763
-2728
-2750
-2759
-2752
-2719
-2698
-2674
-2570
-2524
-2530
-2523
-2321
-1986
-1654
-1256
-793
-211
298
799
1381
1898
2307
2474
2534
2550
2449
2256
1947
1535
1105
660
309
78
-154
-272
-413
-489
-450
-406
-277
-267
-324
-425
-544
-655
-793
-896
-940
-860
-740
-510
-195
220
724
1160
1596
1964
2254
2469
2496
2389
2142
1731
1270
757
245
-219
-703
-1100
-1423
-1635
-1678
-1675
-1593
-1482
-1353
-1164
-1007
-860
-707
-623
-585
-608
-647
-623
-665
-694
-687
-659
-531
-409
-192
75
287
488
635
763
840
808
729
593
368
100
-175
-413
-620
-847
-1017
-1095
-1121
-1120
-1126
-1090
-1018
-977
-972
-951
-831
-522
-37
446
928
1367
1939
2639
3146
3530
3714
3853
3890
3635
3338
2920
2428
1769
953
292
-338
-903
-1440
-1969
-2320
-2622
-2758
-2747
-2727
-2654
-2638
-2527
-2405
-2313
-2187
-2123
-2019
-1988
-1853
-1585
-1270
-847
-452
78
604
1133
1701
2160
2589
2789
2850
2824
2645
2410
2056
1637
1185
683
258
-78
-347
-519
-691
-815
-856
-861
-812
-811
-862
-936
-1017
-1087
-1132
-1149
-1137
-1042
-854
-521
-123
298
774
1236
1715
2067
2321
2507
2517
2416
2146
1793
1394
901
434
-16
-417
-749
-1005
-1117
-1174
-1167
-1071
-948
-801
-730
-661
-582
-560
-566
-609
-610
-623
-635
-592
-525
-403
-299
-139
72
254
457
599
727
799
783
765
633
432
181
-97
-317
-609
-884
-1075
-1238
-1336
-1421
-1407
-1321
-1307
-1324
-1381
-1394
-1427
-1548
-1672
-1760
-1680
-1367
-851
-223
440
1143
1968
2836
3556
4121
4499
4714
4681
4404
4046
3538
2878
2035
1154
403
-310
-934
-1478
-1923
-2263
-2523
-2621
-2612
-2557
-2506
-2449
-2358
-2310
-2232
-2112
-1965
-1846
-1792
-1622
-1375
-1041
-635
-208
317
772
1239
1726
2144
2491
2617
2642
2568
2372
2127
1786
1395
917
414
-4
-326
-585
-803
-977
-1098
-1141
-1154
-1128
-1085
-1090
-1099
-1130
-1150
-1117
-1058
-950
-851
-715
-466
-109
343
780
1195
1609
2001
2350
2614
2771
2826
2770
2612
2404
2141
1789
1348
877
436
36
-341
-680
-984
-1218
-1373
-1454
-1441
-1407
-1359
-1291
-1202
-1082
-954
-809
-672
-566
-493
-414
-327
-256
-216
-195
-156
-140
-121
-106
-97
-102
-187
-285
-381
-490
-622
-812
-966
-1109
-1231
-1304
-1340
-1304
-1303
-1290
-1238
-1174
-1114
-1144
-1161
-1195
-1238
-1295
-1370
-1299
-1102
-688
-104
520
1202
1871
2636
3368
3896
4289
4481
4563
4395
4000
3554
2963
2279
1441
620
-46
-699
-1260
-1771
-2155
-2417
-2632
-2678
-2685
-2668
-2684
-2731
-2700
-2700
-2638
-2528
-2397
-2251
-2099
-1768
-1320
-797
-223
366
1018
1591
2110
2600
2939
3107
3054
2886
2629
2239
1797
1317
836
342
-107
-393
-541
-632
-700
-696
-631
-538
-455
-378
-325
-368
-453
-553
-608
-622
-625
-549
-438
-228
99
532
1062
1558
2031
2473
2831
3088
3181
3144
2943
2576
2123
1612
1113
570
2
-509
-956
-1286
-1538
-1710
-1787
-1840
-1836
-1804
-1734
-1630
-1553
-1463
-1410
-1341
-1235
-1105
-938
-786
-602
-394
-168
67
281
499
681
807
887
915
917
867
732
549
327
101
-119
-361
-578
-799
-994
-1160
-1317
-1407
-1491
-1563
-1617
-1681
-1688
-1694
-1706
-1715
-1739
-1723
-1683
-1609
-1500
-1344
-1055
-611
-12
673
1358
2033
2697
3338
3849
4167
4284
4211
3986
3584
3056
2441
1732
987
227
-450
-1022
-1515
-1904
-2251
-2499
-2645
-2699
-2654
-2612
-2556
-2470
-2364
-2214
-2045
-1830
-1589
-1358
-1100
-780
-383
50
501
965
1413
1813
2154
2449
2665
2762
2730
2599
2403
2136
1829
1521
1194
878
581
353
211
95
15
-55
-121
-186
-268
-323
-400
-529
-653
-771
-838
-843
-818
-729
-595
-411
-113
253
647
1012
1316
1594
1792
1900
1924
1837
1659
1376
1051
737
405
97
-183
-421
-602
-743
-815
-849
-876
-904
-914
-909
-912
-923
-951
-949
-937
-889
-767
-624
-430
-234
-37
205
405
605
743
788
784
690
567
396
160
-68
-311
-536
-733
-910
-1024
-1128
-1210
-1257
-1275
-1266
-1264
-1267
-1283
-1312
-1358
-1399
-1447
-1499
-1531
-1557
-1558
-1536
-1493
-1374
-1235
-1082
-906
-690
-345
102
644
1215
1720
2183
2633
3043
3365
3516
3498
3357
3076
2717
2278
1773
1198
541
-91
-655
-1150
-1569
-1940
-2246
-2476
-2619
-2631
-2552
-2431
-2298
-2152
-1970
-1764
-1534
-1287
-1056
-854
-638
-364
-40
318
682
1060
1434
1764
2100
2393
2615
2719
2697
2604
2425
2187
1904
1578
1221
833
480
196
-47
-260
-440
-574
-667
-718
-718
-682
-650
-633
-596
-541
-463
-391
-309
-195
-62
126
365
632
879
1085
1278
1442
1552
1602
1574
1479
1296
1065
820
561
294
16
-212
-407
-579
-703
-801
-859
-926
-986
-1007
-1027
-1027
-1042
-1030
-997
-958
-860
-726
-547
-369
-195
12
195
367
509
612
679
657
607
521
391
246
74
-76
-236
-391
-513
-618
-725
-847
-959
-1044
-1133
-1229
-1310
-1372
-1424
-1468
-1485
-1485
-1484
-1468
-1413
-1327
-1235
-1160
-1082
-987
-890
-794
-703
-612
-503
-327
-37
330
718
1102
1496
1909
2282
2600
2807
2886
2818
2607
2331
1951
1483
937
330
-258
-814
-1267
-1608
-1874
-2053
-2144
-2095
-1938
-1734
-1489
-1274
-1063
-885
-712
-527
-379
-257
-159
-44
102
299
547
824
1111
1372
1635
1899
2104
2245
2275
2214
2070
1835
1597
1306
997
670
347
106
-80
-184
-235
-248
-225
-174
-69
36
110
135
105
56
-37
-138
-238
-327
-363
-363
-267
-92
111
344
561
792
996
1153
1270
1285
1231
1093
924
729
486
241
-22
-257
-458
-632
-732
-806
-855
-853
-827
-740
-655
-557
-447
-361
-247
-149
-25
93
177
265
322
382
422
437
439
387
310
209
88
-38
-207
-365
-524
-666
-776
-892
-970
-1049
-1116
-1157
-1202
-1221
-1260
-1288
-1310
-1340
-1342
-1359
-1353
-1357
-1372
-1346
-1327
-1279
-1237
-1227
-1179
-1156
-1099
-1031
-966
-858
-758
-576
-338
-11
392
798
1225
1611
1972
2279
2504
2629
2594
2454
2211
1891
1525
1072
622
144
-299
-651
-951
-1126
-1282
-1367
-1370
-1338
-1221
-1110
-976
-857
-773
-662
-574
-469
-388
-312
-207
-100
61
249
477
715
947
1196
1422
1641
1802
1894
1942
1901
1831
1704
1542
1372
1152
966
776
606
471
346
277
206
153
125
104
91
61
29
-6
-29
-52
-76
-77
-81
-49
-2
66
161
239
340
414
470
522
524
517
459
364
264
134
8
-132
-261
-375
-478
-541
-574
-565
-531
-477
-403
-313
-205
-110
-11
69
129
191
227
263
270
257
242
197
152
81
-18
-111
-227
-335
-438
-553
-657
-763
-858
-937
-1014
-1080
-1150
-1233
-1306
-1370
-1427
-1464
-1501
-1526
-1527
-1513
-1464
-1396
-1315
-1224
-1145
-1062
-975
-893
-816
-768
-736
-703
-681
-644
-599
-552
-471
-365
-204
25
297
617
941
1245
1527
1749
1926
2019
2006
1907
1721
1484
1212
911
607
310
28
-203
-384
-497
-561
-600
-608
-602
-577
-535
-498
-475
-467
-472
-465
-439
-411
-354
-285
-193
-68
78
277
484
695
907
1092
1274
1415
1520
1584
1587
1554
1498
1424
1335
1242
1138
1047
956
867
805
744
698
645
585
535
464
395
322
234
156
67
-1
-60
-110
-132
-141
-123
-99
-55
5
72
139
181
226
244
244
228
192
154
93
40
-4
-42
-58
-77
-85
-96
-117
-132
-167
-210
-263
-326
-383
-447
-499
-543
-570
-591
-613
-619
-622
-614
-616
-630
-654
-703
-749
-807
-871
-936
-1016
-1086
-1163
-1228
-1268
-1302
-1313
-1315
-1291
-1255
-1204
-1132
-1064
-987
-932
-867
-804
-756
-698
-654
-595
-552
-502
-438
-387
-322
-278
-225
-155
-93
15
146
316
519
727
961
1163
1350
1503
1610
1656
1609
1524
1387
1200
981
725
486
231
3
-183
-337
-437
-532
-570
-573
-562
-511
-463
-398
-357
-334
-291
-257
-211
-174
-122
-49
21
130
257
418
577
732
904
1058
1199
1306
1388
1442
1434
1415
1376
1323
1263
1178
1121
1062
1022
1012
1015
1048
1049
1057
1063
1043
1012
927
818
683
522
367
211
73
-64
-172
-234
-269
-268
-248
-221
-186
-167
-153
-152
-183
-245
-340
-435
-539
-634
-712
-773
-804
-809
-777
-717
-643
-565
-497
-427
-376
-348
-344
-373
-413
-478
-544
-606
-666
-711
-742
-746
-736
-718
-695
-673
-655
-652
-665
-701
-754
-824
-911
-1008
-1109
-1201
-1275
-1325
-1348
-1345
-1311
-1249
-1167
-1062
-948
-828
-712
-605
-503
-420
-348
-300
-272
-260
-254
-246
-251
-245
-233
-190
-97
34
211
401
599
806
993
1184
1314
1385
1409
1365
1294
1152
989
805
588
386
188
42
-90
-215
-290
-346
-346
-329
-277
-192
-127
-45
15
86
135
147
171
173
183
204
243
322
402
512
652
796
949
1076
1194
1292
1342
1357
1341
1303
1234
1144
1057
979
902
850
839
860
901
946
1009
1078
1117
1128
1115
1069
986
860
720
562
390
222
68
-55
-150
-217
-257
-271
-270
-260
-239
-229
-231
-254
-287
-326
-393
-464
-544
-630
-699
-760
-790
-809
-813
-799
-765
-711
-659
-607
-572
-543
-536
-549
-568
-610
-653
-707
-766
-805
-846
-870
-891
-903
-898
-896
-885
-880
-882
-886
-906
-929
-948
-974
-986
-997
-985
-954
-914
-855
-785
-692
-604
-511
-416
-328
-242
-178
-123
-76
-48
-19
-4
3
10
7
15
12
13
40
75
141
216
300
405
486
559
607
629
639
595
555
494
421
349
258
204
139
99
60
33
44
35
54
78
115
165
201
261
308
352
401
436
488
518
536
558
559
565
569
571
574
573
583
591
597
600
604
617
622
643
674
732
802
872
956
1033
1103
1154
1177
1190
1165
1118
1054
965
883
787
690
598
512
432
361
295
230
174
102
31
-44
-120
-195
-281
-363
-446
-513
-585
-659
-720
-783
-837
-888
-915
-928
-934
-926
-912
-872
-832
-788
-752
-731
-712
-711
-708
-709
-709
-703
-686
-660
-618
-571
-525
-477
-442
-400
-379
-371
-382
-416
-458
-522
-589
-656
-715
-768
-808
-817
-803
-774
-742
-699
-639
-574
-507
-448
-395
-340
-293
-260
-234
-225
-215
-217
-228
-223
-232
-213
-199
-162
-93
-33
56
144
261
374
458
538
592
632
621
586
550
496
437
374
336
325
322
333
353
381
412
432
459
472
464
465
453
456
448
441
453
447
467
487
518
538
539
551
549
541
513
502
498
487
491
509
554
582
604
631
674
719
743
777
802
821
823
824
819
798
767
712
676
626
572
510
438
384
327
281
234
192
159
121
87
41
-2
-64
-138
-219
-303
-375
-458
-530
-597
-646
-678
-706
-712
-705
-685
-662
-627
-592
-565
-553
-570
-591
-634
-680
-737
-780
-801
-808
-793
-771
-724
-663
-595
-528
-464
-403
-361
-333
-338
-346
-378
-430
-483
-545
-587
-633
-662
-692
-708
-707
-701
-657
-618
-550
-488
-411
-328
-265
-206
-190
-172
-179
-189
-203
-240
-259
-282
-281
-272
-243
-200
-147
-89
-32
42
101
151
178
200
210
219
219
212
224
229
254
279
317
350
373
403
421
451
463
482
488
483
479
458
447
423
412
396
400
420
448
494
523
568
601
648
685
702
723
718
717
700
675
648
615
587
567
571
574
586
602
617
643
661
672
674
670
659
634
601
554
492
418
347
275
213
152
101
67
45
38
28
18
12
-3
-21
-47
-85
-129
-177
-237
-292
-348
-415
-470
-524
-561
-592
-614
-628
-645
-651
-664
-675
-691
-712
-732
-750
-754
-763
-755
-753
-742
-714
-682
-633
-584
-530
-478
-429
-391
-369
-360
-363
-369
-385
-397
-406
-420
-432
-443
-436
-429
-413
-384
-357
-314
-269
-225
-184
-153
-131
-115
-108
-112
-124
-148
-177
-213
-252
-289
-323
-350
-365
-372
-370
-359
-343
-324
-298
-274
-253
-226
-200
-161
-123
-76
-20
37
108
175
251
315
374
418
460
499
528
552
557
567
571
585
595
613
628
644
680
710
749
771
798
822
841
865
872
877
858
839
808
775
733
679
636
595
569
539
522
505
485
482
472
476
469
462
456
446
440
415
389
346
309
268
230
196
158
136
118
108
99
95
85
77
67
53
37
3
-31
-69
-112
-161
-210
-264
-315
-365
-420
-469
-524
-574
-623
-669
-704
-731
-747
-759
-754
-740
-718
-698
-679
-661
-640
-614
-596
-570
-551
-533
-515
-508
-490
-486
-479
-474
-468
-458
-455
-442
-429
-405
-391
-372
-356
-342
-318
-311
-296
-296
-292
-293
-305
-314
-333
-348
-375
-391
-409
-421
-430
-444
-437
-438
-429
-421
-417
-406
-400
-384
-374
-357
-340
-328
-302
-270
-224
-176
-122
-60
18
103
183
265
331
395
451
500
544
575
596
610
626
635
641
636
625
622
621
626
634
646
663
678
706
730
762
777
781
784
776
776
752
728
697
671
662
652
651
638
634
627
635
642
637
623
602
593
581
574
542
508
481
460
450
429
411
376
358
341
331
315
272
236
187
161
120
71
15
-51
-94
-144
-185
-248
-312
-367
-413
-446
-486
-521
-561
-570
-567
-561
-557
-572
-576
-582
-577
-581
-593
-612
-630
-633
-636
-641
-649
-652
-656
-642
-622
-612
-599
-594
-582
-564
-545
-530
-524
-518
-509
-500
-487
-483
-483
-480
-471
-451
-435
-417
-411
-408
-398
-386
-374
-378
-383
-391
-380
-369
-366
-361
-364
-356
-353
-334
-317
-311
-296
-279
-245
-208
-174
-154
-128
-98
-69
-32
-13
9
21
46
73
105
137
154
180
208
245
264
276
279
288
305
319
339
350
375
401
436
475
506
536
564
608
649
691
724
759
793
817
840
837
828
801
773
745
717
696
670
663
659
664
674
683
690
698
710
710
713
696
676
647
613
575
519
476
418
366
316
262
210
166
132
101
79
48
16
-10
-41
-73
-105
-140
-179
-209
-236
-261
-284
-304
-327
-349
-362
-377
-388
-397
-405
-405
-408
-410
-417
-432
-445
-461
-486
-514
-539
-567
-587
-597
-606
-606
-599
-586
-560
-530
-506
-481
-457
-437
-423
-425
-434
-452
-476
-490
-510
-527
-536
-546
-543
-532
-519
-507
-489
-469
-449
-427
-408
-394
-377
-349
-322
-297
-275
-258
-239
-221
-209
-204
-197
-186
-167
-139
-110
-83
-60
-31
1
26
51
64
75
102
133
162
192
224
256
297
336
366
395
411
432
445
461
469
465
472
476
490
497
505
511
519
532
539
557
567
585
611
638
667
687
698
695
690
677
661
639
615
599
575
567
557
548
540
526
514
500
489
470
457
433
409
383
350
323
275
242
198
162
136
100
66
27
-4
-36
-59
-84
-116
-147
-183
-211
-248
-284
-331
-375
-405
-429
-441
-459
-467
-476
-472
-464
-462
-459
-465
-461
-453
-446
-443
-446
-453
-458
-463
-473
-489
-512
-527
-531
-533
-530
-528
-530
-520
-506
-486
-468
-464
-457
-451
-448
-447
-458
-472
-485
-497
-504
-508
-517
-516
-507
-492
-469
-448
-421
-396
-370
-341
-319
-301
-286
-268
-251
-234
-217
-195
-168
-141
-108
-73
-37
-3
34
67
100
130
161
189
213
237
250
258
265
279
287
295
304
312
327
341
360
377
400
419
439
454
467
479
485
501
505
512
518
521
531
538
544
544
551
558
569
586
594
603
609
619
626
623
615
599
585
564
551
528
506
486
472
467
453
432
407
382
359
339
305
264
219
178
146
113
78
37
1
-31
-50
-76
-103
-138
-171
-189
-210
-221
-241
-261
-279
-289
-299
-313
-328
-343
-350
-357
-360
-362
-366
-372
-371
-365
-365
-369
-379
-385
-387
-390
-396
-407
-417
-423
-430
-432
-443
-452
-457
-459
-453
-453
-455
-463
-465
-462
-460
-460
-466
-468
-472
-467
-461
-458
-454
-450
-435
-420
-402
-389
-376
-357
-335
-310
-290
-270
-249
-216
-181
-145
-112
-84
-51
-14
23
50
68
81
98
118
136
153
161
172
188
207
223
236
244
255
275
296
316
329
347
374
401
426
442
446
446
448
451
446
436
426
422
430
439
444
448
457
475
498
514
521
519
523
528
530
530
511
494
478
470
458
436
410
383
366
350
331
305
279
257
244
236
222
205
188
176
166
152
135
110
89
69
50
21
-16
-46
-73
-89
-108
-126
-144
-159
-161
-165
-172
-187
-197
-208
-215
-222
-241
-257
-274
-280
-283
-289
-304
-320
-328
-331
-333
-340
-357
-375
-384
-382
-384
-391
-405
-417
-407
-397
-391
-397
-409
-417
-422
-421
-433
-445
-455
-456
-445
-436
-430
-432
-427
-414
-402
-392
-393
-400
-399
-391
-383
-372
-366
-351
-319
-281
-240
-207
-180
-151
-120
-91
-65
-50
-33
-12
10
39
57
71
83
101
122
141
159
172
192
213
238
255
267
277
292
311
323
328
323
320
322
322
320
316
319
323
335
345
354
356
365
377
391
402
401
400
399
404
407
403
392
378
374
369
362
352
347
340
339
341
335
323
312
310
306
296
273
249
229
214
205
188
170
150
140
131
118
107
85
67
55
50
34
20
-1
-24
-38
-53
-74
-100
-119
-136
-148
-161
-177
-194
-204
-207
-211
-220
-240
-257
-268
-271
-280
-294
-311
-321
-323
-325
-330
-338
-348
-350
-345
-339
-340
-353
-357
-356
-352
-354
-357
-368
-373
-373
-376
-379
-389
-390
-380
-366
-358
-352
-351
-344
-320
-300
-287
-283
-280
-267
-249
-232
-225
-216
-200
-182
-156
-136
-121
-106
-81
-54
-28
-10
6
24
45
73
94
107
118
132
153
166
173
173
176
188
200
208
211
210
217
234
253
260
262
268
275
287
296
301
297
301
311
324
335
337
340
346
356
358
354
347
339
341
347
349
341
333
333
339
342
335
322
308
306
304
298
280
258
241
232
228
213
198
180
170
168
167
160
143
133
125
120
110
99
81
71
66
58
44
21
9
1
1
-3
-17
-33
-48
-53
-61
-79
-110
-132
-149
-156
-167
-187
-209
-229
-234
-242
-253
-275
-301
-320
-331
-334
-343
-352
-360
-357
-352
-351
-356
-365
-366
-364
-365
-375
-389
-398
-391
-377
-363
-361
-360
-348
-328
-315
-306
-300
-295
-275
-256
-237
-230
-227
-220
-208
-190
-180
-175
-175
-165
-148
-131
-120
-111
-95
-75
-56
-44
-36
-34
-16
3
16
26
29
39
55
78
87
96
106
119
139
152
167
175
192
211
229
245
248
250
249
260
267
273
272
271
280
284
294
291
292
295
299
305
298
287
278
279
278
275
270
264
268
275
281
282
279
272
270
271
267
259
245
237
234
231
217
206
196
186
183
170
160
148
138
136
128
119
101
83
72
63
52
33
11
-9
-25
-38
-53
-76
-97
-111
-125
-141
-159
-174
-191
-201
-209
-225
-239
-257
-265
-275
-284
-295
-312
-324
-336
-340
-350
-354
-360
-360
-354
-346
-337
-341
-336
-335
-328
-316
-312
-313
-314
-300
-294
-280
-278
-275
-262
-252
-235
-225
-217
-209
-193
-176
-166
-155
-151
-142
-132
-123
-118
-118
-112
-101
-82
-69
-55
-47
-34
-19
-6
6
9
13
21
36
53
65
75
88
108
125
140
144
154
164
177
191
195
205
212
228
237
247
254
257
266
273
284
286
285
288
293
301
303
306
300
296
298
291
287
278
276
276
275
274
271
275
279
285
287
281
272
268
265
259
255
242
233
224
220
205
188
174
162
156
145
139
129
123
114
109
98
79
66
49
37
15
-8
-28
-52
-64
-75
-84
-100
-113
-122
-135
-145
-163
-179
-195
-204
-214
-226
-236
-251
-255
-258
-259
-265
-270
-277
-282
-283
-287
-289
-296
-293
-292
-291
-295
-301
-303
-302
-293
-287
-279
-276
-269
-258
-248
-235
-229
-221
-216
-207
-203
-200
-200
-204
-196
-190
-187
-181
-178
-174
-168
-155
-147
-135
-126
-111
-94
-84
-70
-65
-53
-48
-38
-32
-33
-29
-27
-12
-1
19
35
54
73
87
110
119
137
152
169
182
187
198
200
216
220
229
233
230
233
232
235
234
244
248
257
267
271
273
267
267
259
251
241
233
227
213
208
199
197
190
188
189
183
182
176
178
176
182
185
181
175
163
156
140
127
111
98
88
78
72
62
58
51
57
56
55
51
40
33
23
15
-2
-17
-33
-45
-59
-82
-98
-118
-136
-146
-154
-166
-177
-182
-184
-179
-178
-177
-177
-180
-186
-194
-206
-219
-226
-232
-238
-242
-247
-244
-243
-239
-236
-229
-224
-219
-209
-205
-195
-187
-178
-174
-173
-171
-172
-174
-176
-168
-163
-157
-150
-142
-137
-133
-126
-121
-109
-97
-85
-82
-85
-84
-87
-89
-93
-89
-88
-79
-69
-61
-53
-49
-40
-29
-14
-3
8
15
21
36
46
51
53
59
66
71
77
82
90
99
112
129
141
148
164
180
192
206
212
222
226
226
227
224
222
221
224
220
210
209
202
199
199
203
201
200
205
207
203
195
189
185
180
171
164
157
147
147
144
137
127
122
126
125
127
124
120
116
115
111
98
84
73
70
68
66
60
45
31
25
24
20
12
6
5
6
-2
-9
-18
-34
-38
-42
-50
-65
-76
-84
-96
-102
-104
-108
-118
-125
-124
-127
-128
-133
-133
-137
-144
-148
-157
-168
-177
-178
-178
-179
-181
-181
-183
-186
-179
-173
-168
-164
-156
-148
-142
-134
-131
-128
-127
-120
-110
-108
-106
-104
-94
-91
-87
-83
-81
-75
-67
-56
-52
-49
-44
-37
-33
-34
-32
-34
-33
-31
-25
-18
-15
-11
-1
7
15
22
32
42
50
60
70
74
82
87
89
87
89
101
107
114
124
131
140
149
161
165
168
172
175
180
178
172
161
153
142
135
130
115
108
105
109
106
100
96
91
96
95
95
93
85
83
81
75
64
57
49
37
34
29
23
18
18
22
20
19
15
13
11
7
4
-6
-13
-19
-25
-30
-38
-44
-49
-56
-63
-69
-72
-75
-74
-73
-75
-80
-84
-91
-101
-111
-121
-123
-130
-134
-138
-145
-153
-160
-163
-165
-163
-157
-151
-150
-149
-148
-151
-154
-153
-150
-149
-151
-148
-148
-149
-146
-147
-142
-135
-125
-117
-110
-102
-93
-85
-81
-76
-70
-69
-70
-68
-65
-59
-57
-59
-61
-64
-65
-63
-57
-49
-45
-37
-26
-21
-22
-14
-14
-5
8
23
34
35
47
53
53
52
50
57
65
77
90
95
92
92
96
100
104
105
113
119
124
136
137
137
131
132
134
128
131
134
138
140
141
141
133
130
129
130
128
122
123
123
124
121
118
113
106
104
95
92
88
88
85
83
82
74
72
62
63
61
52
42
33
26
12
2
-7
-14
-16
-22
-22
-29
-38
-40
-45
-46
-50
-54
-57
-62
-65
-72
-79
-89
-89
-93
-97
-99
-105
-101
-109
-104
-102
-101
-101
-104
-95
-103
-102
-101
-102
-95
-97
-96
-99
-99
-98
-103
-105
-107
-103
-104
-99
-92
-86
-80
-78
-72
-71
-67
-65
-61
-55
-50
-41
-35
-28
-23
-16
-15
-15
-13
-10
-7
-7
-1
4
8
11
9
14
15
21
25
29
36
41
52
56
65
66
73
77
77
87
87
93
95
98
100
99
105
104
109
110
112
116
120
126
125
126
120
117
117
113
117
114
120
118
121
115
110
111
105
108
101
102
98
95
98
93
90
80
77
74
69
69
62
62
59
56
50
41
38
28
30
21
16
11
0
-3
-19
-23
-28
-32
-34
-38
-35
-41
-41
-46
-55
-57
-65
-65
-63
-66
-66
-71
-71
-79
-84
-91
-94
-96
-95
-91
-92
-92
-95
-96
-100
-106
-109
-112
-110
-107
-105
-102
-103
-105
-108
-111
-109
-111
-106
-102
-97
-99
-97
-101
-102
-98
-100
-96
-96
-87
-82
-80
-78
-78
-75
-73
-67
-59
-53
-44
-35
-32
-29
-28
-21
-17
-10
-5
6
11
12
19
20
25
24
25
29
33
42
46
52
53
56
64
64
65
67
72
76
78
84
82
79
80
81
82
77
83
85
86
90
87
88
87
83
86
85
85
86
86
86
82
81
76
71
67
64
62
60
55
49
50
45
44
37
34
31
29
23
17
18
10
8
0
-5
-6
-11
-13
-19
-19
-21
-27
-29
-33
-36
-41
-44
-48
-54
-52
-59
-61
-69
-72
-72
-77
-77
-80
-79
-82
-84
-82
-86
-84
-85
-85
-86
-88
-90
-94
-94
-98
-97
-98
-97
-96
-104
-98
-99
-96
-94
-93
-91
-90
-83
-91
-87
-85
-83
-75
-77
-74
-74
-70
-69
-74
-72
-73
-66
-60
-56
-46
-44
-34
-32
-30
-26
-22
-13
-12
-2
3
13
17
17
22
24
34
33
40
46
49
54
53
56
54
56
61
63
71
74
81
84
87
91
91
98
98
104
106
107
108
106
108
105
104
104
105
108
111
116
118
125
124
123
127
125
132
132
134
136
130
132
123
124
114
113
112
104
105
97
94
88
78
73
68
64
61
62
59
55
50
37
31
26
21
19
16
15
9
6
-2
-9
-18
-26
-28
-35
-27
-29
-26
-28
-35
-36
-45
-48
-51
-49
-45
-46
-44
-44
-46
-52
-58
-60
-62
-58
-55
-52
-53
-52
-57
-66
-67
-74
-70
-71
-66
-64
-66
-64
-76
-83
-87
-96
-98
-99
-92
-92
-90
-87
-93
-92
-99
-99
-96
-88
-78
-77
-71
-67
-65
-68
-64
-64
-59
-53
-46
-36
-33
-28
-23
-23
-20
-18
-11
-6
2
11
13
22
18
19
17
18
23
25
41
44
46
46
42
45
43
46
47
55
59
59
61
62
63
61
63
64
66
72
74
79
75
78
72
65
67
63
70
65
69
71
68
70
61
64
63
66
68
68
74
70
71
70
67
61
56
57
51
54
50
43
40
33
26
22
16
12
12
10
7
5
-1
-5
-13
-20
-25
-33
-35
-40
-42
-48
-57
-58
-66
-66
-74
-75
-74
-76
-72
-76
-75
-77
-77
-74
-75
-71
-72
-69
-69
-70
-75
-78
-78
-82
-78
-77
-74
-73
-70
-69
-71
-69
-70
-69
-66
-63
-63
-64
-62
-65
-68
-67
-69
-68
-67
-65
-64
-65
-61
-63
-64
-63
-62
-61
-57
-49
-45
-45
-43
-41
-43
-39
-37
-38
-30
-22
-18
-10
-7
-4
-2
3
8
10
18
23
30
38
40
44
44
47
51
50
58
60
61
69
66
67
65
67
66
66
66
64
64
61
63
60
56
58
58
61
59
63
64
65
67
63
65
64
64
65
66
67
68
67
67
70
69
74
72
75
72
70
71
67
65
62
58
55
52
48
42
36
33
25
22
20
16
18
14
12
10
5
0
-5
-8
-12
-15
-19
-23
-25
-35
-37
-46
-50
-55
-60
-61
-61
-61
-61
-58
-64
-64
-64
-66
-64
-62
-57
-57
-53
-56
-58
-57
-58
-55
-57
-55
-55
-53
-48
-49
-48
-49
-48
-46
-44
-40
-39
-39
-38
-36
-40
-37
-37
-37
-33
-29
-29
-34
-32
-30
-27
-23
-22
-19
-14
-11
-3
-5
2
4
7
17
19
27
32
37
39
39
40
39
39
43
44
46
51
51
51
49
47
44
44
48
52
53
57
58
59
60
58
59
57
56
59
63
64
61
57
54
50
49
50
50
51
54
59
63
63
64
63
60
59
61
61
62
63
60
58
51
48
44
40
38
35
33
33
36
35
30
28
26
27
28
29
29
27
28
26
23
20
14
14
10
5
2
-1
-4
-7
-6
-5
-4
-4
-3
-4
-8
-9
-16
-17
-17
-17
-21
-20
-17
-18
-18
-22
-26
-26
-29
-28
-28
-32
-32
-31
-36
-39
-44
-51
-51
-51
-49
-44
-42
-38
-35
-31
-35
-39
-36
-39
-42
-41
-39
-40
-39
-36
-36
-40
-42
-37
-37
-35
-28
-27
-21
-16
-12
-12
-11
-9
-12
-11
-8
-8
-8
-6
-5
-6
-6
-7
-3
-3
-2
1
2
8
10
10
9
7
8
4
5
6
4
6
6
5
6
6
5
5
8
9
12
10
10
9
9
7
3
3
2
5
4
2
1
1
0
-1
-1
-1
-2
-2
-1
-1
0
1
0
-1
0
-1
0
0
1
3
-1
-2
-5
-5
-6
-5
-1
-3
-2
-5
-8
-8
-11
-10
-12
-11
-12
-10
-7
-7
-7
-6
-6
-9
-8
-10
-15
-13
-13
-13
-16
-17
-20
-23
-24
-24
-20
-16
-13
-10
-13
-13
-12
-12
-13
-12
-17
-18
-15
-16
-14
-15
-13
-11
-7
-3
-4
-1
0
3
5
8
8
7
6
6
6
5
4
3
2
4
2
3
6
7
6
2
1
-1
-2
-3
-3
-5
-6
-6
-7
-7
-10
-11
-9
-6
-4
-3
-2
1
0
3
5
2
2
1
2
-2
0
3
3
7
7
7
3
3
2
4
3
4
6
7
8
6
6
5
3
0
0
0
1
1
2
7
10
11
9
8
6
6
6
7
9
11
12
9
9
8
7
4
7
4
2
2
1
1
1
-1
-4
-8
-11
-12
-11
-12
-12
-8
-4
-2
-2
-3
-3
-2
-3
1
-3
-4
-3
-4
-2
-1
1
0
-2
-1
-2
-2
-4
-3
-4
-7
-7
-8
-5
-4
-2
-3
-5
-3
-6
-5
-5
-5
-3
0
3
5
6
3
4
3
0
1
1
1
0
1
2
1
-1
-1
3
2
4
4
3
5
7
9
9
13
12
14
15
13
17
16
17
15
17
21
20
19
15
15
11
12
14
10
9
8
9
10
12
14
13
18
18
17
14
14
9
4
8
6
8
7
1
2
1
4
7
9
14
16
17
19
19
21
20
19
16
16
17
16
18
15
16
16
16
16
14
16
17
18
19
19
17
11
11
10
6
6
0
-3
1
1
0
0
-1
-3
-4
-6
-2
-2
0
0
1
0
-4
-5
-8
-10
-11
-12
-15
-16
-15
-17
-15
-12
-12
-14
-15
-15
-19
-16
-15
-17
-15
-18
-15
-13
-9
-10
-7
-5
-6
-4
-4
-5
-4
-2
-5
-6
-7
-8
-5
-6
-8
-10
-11
-15
-13
-12
-11
-10
-9
-8
-5
-4
-7
-10
-11
-14
-15
-14
-13
-14
-11
-13
-17
-18
-18
-15
-14
-11
-10
-7
-6
-5
-7
-7
-7
-9
-11
-10
-10
-13
-13
-12
-11
-14
-14
-12
-10
-6
-4
-1
0
-1
0
1
0
-2
1
3
4
7
8
7
7
6
6
3
4
1
-1
1
0
-1
-3
-8
-11
-11
-10
-8
-8
-5
-1
0
1
1
4
5
4
5
5
4
2
2
-1
2
1
-1
-1
2
4
2
4
0
-3
0
-1
-3
-4
-2
-1
-3
-2
-1
-1
-1
-1
-3
-2
-2
-2
0
-3
0
-2
-2
0
0
0
4
4
4
3
1
0
-2
-2
-5
-7
-8
-12
-10
-10
-12
-14
-16
-17
-16
-14
-13
-12
-13
-10
-11
-9
-14
-17
-16
-18
-15
-18
-18
-20
-20
-20
-22
-18
-17
-14
-13
-9
-5
-3
-1
5
8
9
9
10
8
9
10
9
11
11
14
15
18
20
20
23
22
25
22
20
19
16
17
11
10
9
5
9
7
8
6
4
6
5
5
4
6
3
4
5
4
5
5
8
7
11
10
9
12
11
7
7
8
6
10
11
10
7
5
6
4
4
6
6
11
8
10
13
11
11
12
12
15
20
19
23
23
21
19
15
15
14
17
19
18
18
14
16
15
16
19
17
18
17
16
13
12
8
7
7
4
5
4
2
3
5
4
5
5
3
1
-3
-1
-1
3
4
4
6
4
8
5
5
6
5
9
8
10
8
3
3
-1
1
1
1
2
-1
-1
-1
-3
-3
-2
-2
-4
-6
-5
-8
-10
-14
-14
-16
-18
-20
-20
-18
-20
-18
-17
-15
-15
-14
-13
-13
-11
-7
-4
-1
2
2
3
2
1
0
0
1
3
3
3
-1
-4
-6
-6
-5
-6
-2
-2
0
4
4
5
4
4
4
7
7
4
2
1
-1
-4
-7
-8
-7
-7
-8
-8
-9
-6
-6
-9
-9
-10
-10
-8
-5
-1
-4
-2
-5
-8
-8
-12
-10
-10
-10
-11
-12
-13
-18
-19
-23
-23
-21
-22
-17
-15
-14
-15
-19
-21
-24
-21
-22
-17
-12
-12
-10
-15
-15
-16
-18
-16
-18
-16
-15
-16
-13
-18
-18
-19
-20
-15
-12
-9
-6
-6
-6
-7
-8
-9
-10
-10
-7
-6
-8
-6
-5
-8
-9
-8
-10
-9
-4
-8
-7
-8
-6
-8
-5
-2
-2
3
2
4
5
4
6
7
8
2
3
3
0
-1
-1
-2
-5
-2
-4
-3
-1
0
1
0
-2
-4
-5
-1
0
5
6
6
4
-2
-4
-5
-4
-3
-6
-4
-1
-1
0
2
6
6
6
9
7
12
17
20
20
19
19
15
14
12
12
10
9
11
5
5
4
4
3
1
4
6
9
12
12
14
10
13
15
13
14
14
15
13
12
6
1
-1
-2
-5
-5
-5
-9
-6
-8
-5
-2
-3
2
4
6
5
6
7
8
13
13
17
16
14
12
9
8
3
0
-2
-2
-1
-4
-2
-2
-3
-5
-6
-6
-8
-4
-2
-1
0
-3
-2
-4
0
-1
-2
1
2
4
1
5
7
6
9
8
12
11
12
12
8
12
6
7
6
6
5
1
3
0
0
-2
-6
-6
-4
-2
-2
-1
1
-1
1
3
6
10
13
19
16
16
18
14
14
11
14
15
14
13
12
10
9
7
4
3
1
2
4
6
9
10
8
8
5
3
7
3
2
2
5
7
7
7
7
9
10
10
10
11
10
12
10
9
7
5
5
-1
0
-5
-4
-2
-1
1
-1
5
5
11
9
7
12
9
12
10
12
11
9
6
4
5
-3
-1
-1
-2
-5
-6
-8
-12
-12
-14
-15
-17
-15
-15
-14
-11
-8
-7
-3
-3
0
4
6
10
13
16
15
11
10
5
2
2
0
-5
-4
-6
-8
-10
-15
-16
-16
-20
-20
-20
-17
-17
-18
-17
-23
-19
-20
-20
-17
-15
-15
-13
-6
-6
-3
-3
0
5
5
10
7
8
6
7
8
3
5
4
1
-1
-4
-7
-9
-10
-12
-9
-10
-11
-8
-8
-8
-10
-8
-8
-7
-5
-5
-4
-8
-7
-7
-10
-10
-10
-10
-12
-11
-12
-10
-8
-9
-6
-4
-4
-2
1
1
3
7
7
6
6
7
6
6
3
4
1
-5
-4
-7
-10
-12
-15
-14
-14
-13
-11
-11
-11
-9
-11
-10
-8
-8
-4
-5
-4
-3
-2
-2
-6
-3
-3
-2
-4
-6
-3
-6
-4
-1
0
0
-1
2
0
0
6
6
6
7
6
3
1
-1
-4
-4
-3
-7
-3
-2
-5
-3
-5
-3
-2
1
3
4
4
5
7
5
4
5
6
3
5
7
6
5
6
4
4
3
-1
-1
1
2
3
5
7
9
13
15
15
18
21
23
22
24
21
18
16
11
10
7
6
4
2
4
4
6
6
9
9
10
12
14
17
18
20
18
17
15
15
15
13
15
15
17
18
17
17
11
10
11
14
13
12
10
8
8
8
8
9
8
8
7
6
5
6
3
3
3
-1
2
2
6
7
7
9
8
11
7
9
10
8
10
10
7
5
7
4
5
5
-1
0
0
-1
3
0
-1
-2
-3
-6
-5
-6
-5
-3
-6
-5
-5
-5
-7
-5
-4
-4
-2
-3
-2
-3
-3
-1
-1
1
1
3
1
2
7
5
7
8
6
6
6
6
3
5
4
2
4
2
5
5
4
7
9
10
9
11
11
10
8
7
3
1
5
1
-1
-3
-5
-2
-4
-3
-2
0
1
3
8
5
5
4
2
2
0
3
-1
-4
-5
-6
-10
-9
-8
-12
-10
-9
-8
-7
-5
-4
-7
-5
-4
-2
-2
1
4
0
0
-3
-1
-3
-3
-3
-6
-5
-7
-10
-10
-10
-10
-10
-11
-10
-9
-8
-4
-4
-3
-3
-3
-4
-4
-4
-5
-9
-9
-9
-11
-10
-12
-14
-13
-17
-17
-17
-14
-16
-16
-16
-20
-17
-17
-17
-17
-18
-17
-19
-18
-18
-17
-19
-18
-21
-22
-22
-26
-27
-26
-25
-23
-25
-22
-20
-18
-17
-15
-14
-12
-11
-14
-12
-15
-14
-13
-14
-14
-15
-13
-13
-13
-13
-11
-10
-11
-9
-7
-8
-6
-5
-4
-4
-2
-1
-3
-2
-3
-1
-2
-2
0
-1
-1
-3
-3
-3
-2
-2
-2
-4
-3
-6
-6
-5
-4
-5
-5
-4
-3
-2
-1
-1
0
1
3
7
8
9
11
11
7
8
8
2
-2
-4
-3
-3
-5
-4
-6
-7
-7
-8
-9
-7
-4
-8
-8
-6
-6
-2
-2
-1
2
4
5
7
10
11
12
13
11
12
13
13
11
14
13
11
11
9
8
8
11
11
11
14
16
18
18
18
16
14
12
9
8
9
5
7
9
9
9
11
17
14
14
14
15
17
18
18
15
13
14
14
14
13
13
11
7
7
4
1
-1
-1
0
2
1
2
4
5
9
9
8
9
9
10
12
12
10
10
10
9
7
9
10
10
13
10
11
10
8
9
7
9
9
11
14
13
15
15
14
12
9
8
7
6
7
8
9
7
12
10
11
12
12
13
11
13
11
14
12
16
17
16
17
16
13
14
14
14
13
10
8
6
8
6
6
6
4
5
5
5
5
8
8
10
9
9
9
9
7
4
1
-1
-2
-4
-4
-5
-6
-5
-7
-6
-6
-6
-4
-7
-11
-9
-11
-11
-10
-10
-9
-9
-6
-9
-7
-6
-8
-8
-10
-8
-7
-7
-9
-11
-14
-12
-13
-12
-10
-11
-11
-12
-14
-15
-16
-15
-13
-15
-14
-11
-12
-10
-9
-11
-10
-11
-14
-11
-13
-13
-12
-12
-11
-9
-9
-11
-8
-8
-9
-8
-10
-8
-12
-11
-10
-13
-11
-10
-8
-12
-12
-13
-15
-15
-17
-17
-19
-19
-17
-16
-17
-17
-15
-13
-13
-12
-12
-11
-10
-10
-9
-10
-9
-11
-9
-11
-15
-13
-17
-17
-19
-20
-20
-21
-21
-18
-16
-14
-10
-10
-5
-5
-1
0
-1
2
1
2
0
-1
4
4
3
3
1
2
2
2
0
-1
-1
0
3
2
5
4
4
3
1
0
0
0
-2
-5
-5
-5
-5
-5
-3
-3
-2
0
1
3
1
3
2
4
6
7
6
7
7
4
6
3
3
4
3
4
2
3
-1
-1
-3
-5
-2
-5
-5
-3
-3
-2
-3
-2
-4
-2
-1
3
5
7
4
4
7
5
7
6
6
6
5
4
4
4
3
5
2
2
2
3
3
7
6
7
5
5
3
4
6
4
6
2
4
3
3
5
6
9
11
12
11
10
10
9
9
9
8
6
8
5
5
9
8
8
6
6
5
4
6
7
10
9
11
11
12
12
15
18
16
14
14
15
15
14
13
15
15
12
13
15
10
13
17
15
19
23
27
24
25
24
22
22
21
25
21
20
21
16
16
17
17
18
16
15
15
15
15
12
11
10
6
6
6
7
5
4
4
2
3
-2
-2
0
-5
-4
-6
-8
-9
-8
-6
-4
-6
-7
-10
-10
-11
-9
-8
-9
-8
-7
-5
-5
-4
-1
-5
-5
-4
-4
-4
-5
-6
-4
-4
-5
-6
-5
-5
-5
-2
-5
-6
-7
-7
-7
-8
-5
-3
-4
-4
-6
-7
-7
-5
-1
-4
-5
-6
-4
-4
-4
-2
0
2
-1
0
1
0
-2
-2
0
-2
-2
-2
-2
0
2
0
-2
-3
-5
-6
-7
-9
-10
-11
-12
-15
-17
-16
-15
-14
-15
-14
-13
-13
-11
-10
-7
-6
-5
-1
2
2
3
1
-1
-1
-3
-3
0
-2
2
1
-3
-1
-1
-1
0
3
2
5
7
6
10
8
10
11
12
11
13
13
8
10
5
4
1
0
-2
-6
-9
-11
-11
-12
-14
-11
-11
-11
-8
-8
-8
-7
-6
-7
-7
-5
-6
-5
-3
-3
-8
-8
-10
-13
-13
-16
-16
-16
-14
-11
-10
-7
-7
-7
-9
-8
-10
-10
-11
-13
-13
-17
-15
-18
-20
-20
-23
-23
-24
-25
-29
-30
-29
-28
-26
-21
-21
-21
-18
-20
-17
-18
-21
-22
-24
-24
-25
-26
-24
-24
-21
-22
-20
-19
-21
-16
-16
-15
-17
-13
-13
-10
-7
-8
-3
-3
0
2
3
6
4
5
4
2
4
1
4
5
2
3
2
1
0
3
5
6
8
7
8
11
11
11
11
11
11
9
7
7
6
9
8
4
8
7
8
8
8
7
5
5
2
3
2
2
2
5
5
5
5
5
4
2
0
1
2
6
6
7
6
4
5
6
7
6
8
12
15
17
16
21
21
21
23
20
19
19
21
21
20
20
22
22
18
18
16
14
15
12
13
12
13
10
8
9
11
12
12
11
11
12
10
10
12
11
12
14
14
13
13
12
12
12
9
9
4
3
0
0
2
1
1
0
3
0
4
2
-1
-1
-3
-5
-5
-4
-6
-5
-4
-6
-9
-11
-11
-11
-8
-7
-5
-6
-5
-4
-4
-3
-2
3
1
1
2
1
3
3
3
-1
-1
0
-2
1
0
-1
-2
-2
-4
-4
-4
-1
0
1
2
2
2
-1
-2
-1
0
1
2
4
6
6
7
7
6
7
5
3
5
5
3
2
0
-1
-2
0
-1
-2
3
1
5
6
6
6
4
3
2
3
3
4
4
2
2
3
2
-2
-1
-1
1
1
3
-1
0
-2
-3
-7
-7
-6
-6
-5
-6
-2
-4
-4
-5
-5
-4
-4
-3
-3
-2
-6
-8
-6
-8
-8
-5
-7
-4
-8
-4
-6
-10
-6
-4
-3
-3
-1
0
1
0
1
2
2
1
4
3
3
5
1
6
5
5
5
4
5
1
1
-1
-2
-3
-3
0
2
3
3
0
2
1
2
0
0
-1
-5
-6
-8
-9
-12
-10
-11
-12
-10
-8
-7
-7
-6
-7
-6
-5
-10
-9
-13
-9
-9
-11
-11
-12
-8
-8
-4
-7
-5
-9
-11
-6
-7
-7
-6
-8
-7
-7
-6
-5
-3
-3
-3
-3
-4
-4
-2
-1
0
2
-1
0
-1
-4
-1
-4
-6
-6
-6
-5
-5
-6
-5
-9
-5
-3
-5
-4
-5
-3
-7
-8
-12
-15
-17
-19
-20
-21
-17
-19
-16
-15
-16
-14
-13
-12
-8
-9
-5
-4
-5
-5
-4
-5
-8
-5
-5
-5
-6
-3
0
1
0
0
2
-3
1
1
1
1
1
0
-4
-3
-3
-1
2
1
1
-1
2
1
0
0
-1
1
1
4
1
-2
1
1
1
0
2
2
5
7
5
5
4
1
3
2
3
1
1
0
-6
-5
-8
-9
-5
-6
-4
-6
-3
-1
1
1
0
4
2
5
4
4
6
5
2
2
2
2
4
7
8
8
11
11
11
14
16
15
18
17
21
20
19
20
15
15
14
15
14
13
14
14
15
12
14
15
16
16
14
16
14
13
12
8
10
8
11
11
8
13
11
11
11
12
12
13
12
12
17
14
16
15
13
12
11
8
7
11
8
9
7
8
7
3
6
2
3
4
2
3
-1
0
-4
-5
-2
-5
0
1
0
-1
-3
1
-2
3
1
3
4
1
2
-1
-5
-5
-5
-4
0
4
6
7
8
6
7
6
6
5
3
5
5
4
2
1
0
1
1
2
-1
2
4
4
6
7
11
7
9
6
5
8
10
10
7
6
2
1
0
1
-2
-4
-4
-8
-8
-9
-13
-11
-11
-7
-5
-5
-1
-3
-4
-7
-6
-5
-7
-5
-9
-11
-14
-14
-23
-20
-21
-21
-21
-22
-15
-16
-12
-10
-11
-7
-9
-7
-10
-11
-9
-11
-14
-17
-20
-25
-23
-24
-24
-19
-18
-17
-22
-18
-16
-13
-8
-8
-4
-9
-7
-6
-7
0
-2
-2
-4
-3
-1
0
2
0
0
0
-2
1
3
0
2
4
3
1
0
-1
0
-3
-2
-4
-6
-5
-5
-6
-7
-6
-10
-14
-12
-12
-12
-13
-11
-13
-12
-12
-16
-12
-14
-13
-11
-11
-10
-8
-5
-8
-7
-7
-6
-5
-4
-3
-1
1
1
2
0
-2
-1
-2
0
0
-4
-7
-11
-11
-8
-5
-4
-5
-3
-7
-6
-3
-2
-1
-1
1
-1
0
-1
2
3
1
1
1
-1
1
1
1
5
4
5
9
10
14
12
13
9
10
13
14
17
17
16
18
18
18
16
14
14
11
10
10
10
12
14
12
11
11
10
11
13
12
11
13
7
5
5
6
6
6
7
5
3
0
-1
-2
-4
-4
-5
-2
-2
0
-2
-1
0
-2
2
1
4
5
4
5
5
4
2
2
0
0
-2
-4
-4
-4
-1
-2
-2
2
1
4
6
8
12
11
12
11
10
10
14
11
13
15
15
15
15
16
18
20
19
17
19
19
20
21
20
21
22
19
20
17
14
12
11
8
6
4
3
0
0
2
1
-1
-1
-1
-2
-1
-3
-2
0
1
2
4
5
3
6
6
5
3
3
4
0
5
3
3
1
-3
-1
-3
2
1
1
2
0
3
0
-1
-1
4
6
6
8
7
11
10
10
8
7
6
4
4
3
0
0
0
2
1
3
5
4
6
6
8
10
8
6
6
8
4
3
0
0
-1
0
-4
-6
-6
-8
-5
-7
-3
-3
-6
-7
-10
-8
-9
-8
-6
-10
-10
-12
-12
-11
-16
-14
-17
-16
-16
-14
-12
-11
-9
-12
-9
-12
-14
-14
-15
-14
-15
-16
-19
-20
-18
-18
-18
-18
-17
-17
-14
-12
-13
-12
-13
-10
-8
-8
-5
-7
-5
-4
-6
-3
-3
-5
-5
-7
-7
-7
-7
-5
-6
-6
-7
-8
-8
-6
-5
-3
-4
-4
-5
-7
-6
-5
-5
-9
-8
-12
-12
-10
-16
-13
-12
-11
-8
-7
-5
-5
-1
-4
-4
-3
-3
-4
-3
-2
-4
-5
-7
-6
-6
-8
-7
-11
-8
-9
-7
-6
-6
-5
-5
-1
0
-1
-1
-3
-3
-7
-7
-6
-9
-8
-9
-9
-10
-8
-11
-14
-15
-18
-17
-16
-17
-14
-13
-10
-8
-11
-7
-8
-9
-10
-12
-13
-13
-11
-10
-9
-9
-8
-9
-10
-10
-6
-10
-11
-10
-14
-13
-12
-11
-9
-10
-6
-6
-4
-1
-4
-3
-3
-1
-2
-2
-4
-5
-4
-7
-7
-5
-4
-6
-4
-1
-3
-2
0
2
2
3
3
2
3
1
-1
1
-1
0
-1
1
3
5
6
6
8
10
12
10
10
14
17
15
17
17
17
17
18
15
17
16
16
14
15
15
14
16
16
14
14
14
16
15
14
13
13
15
13
16
16
16
20
21
21
24
23
25
24
22
22
19
18
16
16
15
15
16
17
18
17
20
23
24
28
28
25
29
27
26
26
24
24
19
20
17
16
15
15
18
14
14
9
12
11
8
9
6
9
9
12
12
9
12
8
8
9
8
12
14
18
13
13
15
12
15
14
14
13
9
6
4
3
2
1
1
0
-2
0
0
-1
0
-2
-4
-3
-5
-7
-8
-8
-10
-9
-9
-9
-7
-5
-4
-4
-3
-2
-6
-4
-5
-5
-8
-10
-9
-9
-11
-12
-11
-13
-16
-15
-17
-17
-19
-21
-18
-18
-15
-15
-13
-12
-9
-4
-3
-1
-2
-2
-3
-3
0
-1
-2
-4
-8
-8
-7
-6
-6
-6
-6
-6
-8
-10
-8
-6
-7
-3
-2
-1
2
1
2
4
5
4
4
2
2
1
-6
-6
-8
-10
-13
-14
-12
-12
-12
-13
-16
-15
-13
-12
-9
-9
-9
-6
-5
-2
-3
-1
-2
-4
-5
-7
-4
-7
-6
-7
-9
-10
-13
-10
-11
-10
-9
-14
-10
-13
-13
-9
-13
-9
-12
-13
-14
-13
-11
-14
-11
-11
-9
