8
6
7
8
9
9
8
8
8
6
3
2
2
-1
1
1
-1
4
0
-1
-2
-4
-4
0
-1
-2
-4
-7
-7
-8
-6
-6
-7
-6
-7
-11
-11
-10
-11
-9
-12
-16
-17
-15
-18
-18
-15
-16
-18
-16
-17
-19
-18
-18
-17
-18
-16
-18
-19
-16
-18
-20
-20
-18
-20
-19
-20
-22
-20
-19
-18
-17
-15
-14
-15
-15
-15
-13
-13
-14
-14
-14
-15
-15
-16
-17
-17
-19
-21
-24
-22
-20
-20
-18
-17
-15
-14
-9
-7
-8
-5
-8
-3
-5
-4
-5
-6
-2
-6
-6
-7
-7
-8
-9
-8
-8
-6
-6
-7
-5
-5
-4
-2
-1
3
6
7
3
4
2
5
4
0
5
3
5
2
4
5
7
9
8
10
9
11
15
11
10
11
13
13
14
13
10
12
10
12
10
10
9
10
10
7
8
8
12
11
13
17
11
14
14
12
11
11
12
10
12
13
12
9
10
10
11
13
12
13
12
13
15
13
13
13
14
16
14
16
14
12
14
10
10
9
13
10
11
13
11
13
12
15
13
15
18
18
18
17
14
15
17
16
16
14
12
11
14
15
14
13
15
14
13
15
13
10
12
9
7
7
2
2
-2
-1
-2
-1
-4
-4
-1
-3
-3
-2
-2
-2
-3
-1
0
-3
1
3
-2
-2
-2
0
1
0
2
1
3
3
1
4
0
-1
-1
-2
-1
-4
-3
-5
-6
-6
-7
-9
-9
-9
-11
-12
-16
-14
-14
-15
-14
-16
-15
-14
-15
-17
-16
-15
-15
-18
-15
-13
-12
-12
-11
-10
-11
-9
-9
-10
-9
-11
-12
-15
-17
-19
-18
-21
-20
-18
-18
-17
-14
-14
-16
-15
-15
-14
-14
-13
-14
-20
-18
-19
-19
-17
-18
-16
-19
-19
-16
-13
-14
-13
-11
-13
-14
-14
-15
-15
-16
-18
-18
-14
-13
-9
-7
-8
-10
-10
-7
-8
-7
-6
-4
-3
-5
-2
-3
-1
0
1
2
3
5
5
6
5
8
10
9
12
13
10
11
8
8
6
5
6
3
6
1
1
2
2
3
2
2
3
1
0
-2
-2
-1
-1
0
-4
-4
-3
-8
-5
-4
-4
-2
-5
-3
-4
-3
1
0
-1
-1
-2
-2
0
-2
-2
-3
-2
-3
-1
-1
-1
-1
-1
-1
-1
3
2
4
5
5
10
8
10
9
10
12
11
11
9
10
9
8
9
7
8
10
12
12
12
14
14
16
16
17
19
19
22
20
18
21
17
19
19
16
17
16
16
12
14
14
15
14
14
15
17
15
11
11
10
11
12
12
13
12
11
11
10
10
8
9
6
6
5
6
5
3
5
-3
-3
-3
-3
-3
-3
-1
-8
-6
-3
-2
-1
0
2
1
0
1
2
3
0
-1
-1
-2
-3
-2
0
-3
-2
-7
-6
-8
-8
-9
-10
-8
-9
-9
-8
-4
-5
-5
-2
-2
-3
-5
-2
-5
-3
-2
-3
-1
-2
1
0
0
0
-3
-1
1
0
-1
-6
-7
-8
-8
-7
-5
-8
-11
-10
-13
-13
-13
-12
-13
-11
-15
-14
-13
-17
-15
-16
-19
-18
-17
-16
-14
-11
-10
-12
-11
-11
-13
-12
-13
-10
-7
-9
-14
-14
-15
-16
-14
-16
-17
-19
-18
-17
-16
-15
-17
-15
-13
-15
-13
-14
-13
-11
-12
-10
-10
-9
-7
-7
-7
-6
-5
-7
-2
-3
-4
-1
-4
-1
-1
0
0
-1
2
2
3
3
5
5
8
5
4
5
5
6
5
3
4
3
3
5
3
4
3
4
6
5
5
5
8
9
9
11
9
10
12
10
8
9
10
6
8
8
7
4
2
4
5
4
4
6
5
4
3
4
3
4
6
5
6
10
8
8
9
10
10
9
10
11
13
13
12
12
14
14
14
15
16
18
21
21
19
19
17
18
19
17
13
14
10
11
13
11
13
16
16
13
15
12
14
15
15
14
15
15
13
12
12
11
6
6
5
2
2
2
2
1
-4
-4
-4
-2
0
0
-1
-3
0
-2
-3
-4
-6
-6
-8
-10
-14
-12
-13
-10
-11
-12
-8
-12
-10
-10
-11
-11
-15
-12
-16
-18
-16
-17
-19
-20
-21
-20
-21
-20
-21
-17
-13
-17
-16
-16
-14
-14
-12
-12
-13
-10
-10
-10
-8
-5
-8
-6
-6
-7
-6
-8
-8
-5
-9
-13
-8
-9
-7
-8
-5
-7
-10
-6
-5
-5
-4
-5
-4
-2
-4
-2
-1
-1
2
0
3
2
2
5
4
2
1
1
1
-1
-3
-4
-5
-5
-5
-4
-4
-5
-2
-1
0
0
2
0
0
0
0
1
0
0
0
3
3
5
4
6
6
5
4
5
7
3
6
6
5
8
8
8
8
4
5
6
3
4
3
5
3
5
6
7
7
9
8
7
10
6
7
7
5
5
7
6
8
8
6
5
4
5
4
6
6
8
5
5
6
5
9
5
6
8
7
8
9
9
7
6
8
9
11
11
8
9
9
6
7
9
5
3
4
2
0
-1
-2
-2
-4
-4
-2
-6
-5
-6
-6
-3
-4
-3
0
-2
0
1
3
3
3
11
7
8
9
5
3
1
0
-3
-5
-6
-3
-6
-4
-7
-10
-12
-9
-4
-6
-7
-4
0
0
1
-2
3
1
2
1
0
1
0
-2
-3
-1
-4
-3
-3
-3
-5
-9
-8
-7
-9
-9
-11
-10
-12
-12
-13
-14
-11
-14
-13
-15
-14
-15
-13
-13
-15
-9
-11
-11
-10
-7
-7
-8
-7
-11
-13
-12
-11
-11
-15
-16
-15
-14
-13
-14
-12
-12
-11
-12
-12
-11
-15
-13
-14
-12
-14
-15
-12
-13
-13
-16
-16
-17
-17
-12
-13
-11
-12
-11
-10
-11
-10
-10
-8
-5
-4
-6
-5
-5
-5
-5
-6
-10
-10
-9
-8
-10
-6
-6
-5
-3
-3
-2
-3
0
1
4
6
6
8
9
12
11
10
10
13
14
12
13
11
10
11
11
11
8
9
9
9
12
10
12
12
11
15
11
11
13
12
9
9
12
12
15
13
12
14
10
12
12
13
17
15
16
16
18
18
20
18
16
16
17
19
17
15
15
16
15
17
13
12
16
16
18
17
15
17
15
15
13
11
12
10
11
10
9
10
10
10
8
10
6
5
5
5
6
7
7
6
11
11
10
9
8
8
5
6
6
7
7
4
3
3
0
2
4
4
3
4
4
3
2
3
2
-1
1
1
0
1
-2
-4
-1
0
0
0
0
0
-1
3
3
1
0
4
1
-1
-4
-5
-3
-6
-7
-7
-8
-8
-9
-10
-9
-8
-9
-9
-11
-12
-11
-11
-13
-12
-11
-13
-11
-12
-15
-16
-15
-12
-11
-11
-9
-10
-7
-6
-7
-4
-3
-5
-3
-3
-5
-4
-5
-7
-6
-8
-8
-7
-9
-9
-10
-9
-8
-9
-8
-10
-11
-9
-12
-14
-12
-11
-12
-11
-12
-12
-12
-13
-10
-13
-12
-8
-13
-11
-9
-12
-10
-13
-11
-11
-14
-11
-12
-11
-12
-12
-10
-12
-10
-9
-9
-9
-6
-6
-5
-6
-6
-3
-2
-2
0
-1
-1
2
1
3
3
4
6
8
9
6
5
5
6
7
5
6
3
3
3
1
2
3
2
1
0
0
1
-1
-2
0
1
-1
2
4
3
5
4
3
4
3
3
4
6
8
5
7
6
3
3
1
5
5
5
8
8
7
6
4
8
8
8
6
8
7
6
8
9
9
11
9
10
11
12
13
12
12
10
13
11
14
15
12
13
12
15
10
10
11
10
12
12
11
12
13
14
14
12
14
14
14
15
13
16
15
15
15
13
13
12
16
15
15
16
13
12
13
14
13
17
16
11
11
8
10
11
10
8
8
10
10
10
11
10
7
8
9
9
7
6
5
2
4
5
4
6
4
3
3
3
4
6
4
4
5
5
5
6
4
4
3
3
1
-1
1
-5
-4
-7
-4
-4
-5
-4
-5
-4
-4
-2
-2
-1
0
-1
-2
-4
-3
-4
-3
-5
-4
-7
-7
-6
-10
-8
-7
-11
-10
-13
-10
-14
-14
-10
-16
-14
-17
-17
-17
-18
-14
-16
-17
-16
-12
-13
-15
-14
-15
-15
-15
-15
-14
-18
-17
-16
-17
-15
-16
-16
-18
-17
-15
-18
-17
-15
-15
-11
-10
-11
-8
-10
-11
-10
-12
-10
-8
-8
-8
-8
-6
-4
-4
-8
-6
-7
-9
-8
-9
-6
-7
-7
-7
-6
-4
-3
-1
-2
0
-2
0
0
2
5
6
6
5
4
5
3
2
3
1
0
0
0
-1
1
2
1
1
3
3
2
4
5
6
5
6
5
6
8
8
8
7
9
8
11
10
11
13
12
13
11
12
12
9
12
14
14
14
15
15
15
17
17
15
15
15
14
13
13
14
10
7
9
6
6
4
5
4
4
3
1
4
3
2
-1
0
0
4
6
3
5
3
5
5
4
3
3
3
2
2
2
2
3
1
0
-2
-3
-3
-7
-4
-3
-6
-5
-5
-5
-5
-4
-3
-4
-2
-1
-1
1
2
4
4
5
5
5
6
7
2
2
2
2
4
3
4
3
2
2
2
1
1
3
0
-1
-3
-1
-2
-2
0
-4
-3
-6
-5
-3
-6
-6
-10
-7
-8
-7
-6
-9
-8
-11
-11
-10
-9
-11
-10
-9
-13
-13
-16
-17
-17
-19
-18
-20
-22
-19
-20
-19
-17
-17
-15
-13
-13
-12
-9
-9
-8
-8
-6
-4
-5
-4
-7
-7
-10
-9
-10
-8
-6
-7
-4
-8
-5
-6
-8
-6
-7
-5
-5
-1
-2
-1
0
2
2
1
1
0
0
0
-1
0
0
-1
3
4
4
2
3
2
2
3
2
4
2
2
2
-1
0
-1
-1
-1
0
-2
-3
-1
-3
-2
-1
-1
0
0
0
0
-1
-2
-2
-3
-3
-4
-3
-2
-3
-3
-4
-4
-4
-4
-1
-4
-3
-3
-2
3
1
2
1
1
2
2
6
7
11
11
11
13
12
12
13
14
14
16
18
20
20
22
20
21
20
18
20
17
17
16
16
14
13
13
14
13
7
7
7
4
5
2
2
5
2
2
4
5
4
3
3
0
-1
0
-3
-1
-1
-2
-1
-4
-1
-1
-3
1
-3
-1
-2
0
1
1
5
2
3
3
3
5
6
6
6
5
5
7
5
3
3
1
0
-1
-1
1
1
1
1
-4
-3
-3
-2
-5
-7
-6
-9
-12
-10
-8
-9
-9
-12
-11
-16
-16
-15
-16
-12
-15
-12
-12
-13
-9
-11
-9
-12
-13
-13
-15
-13
-18
-16
-15
-15
-17
-17
-17
-20
-14
-15
-11
-8
-10
-8
-7
-6
-6
-7
-5
-4
-6
-4
-5
-7
-6
-7
-8
-8
-9
-9
-10
-10
-10
-8
-10
-10
-8
-10
-9
-9
-12
-11
-10
-12
-14
-10
-12
-9
-10
-9
-7
-7
-5
-8
-6
-8
-8
-4
-3
-2
-1
-1
0
-2
-1
0
-2
-3
-2
-2
-4
-1
-2
0
1
4
3
4
5
3
5
3
8
7
6
5
4
2
-2
-1
-4
-2
-6
-8
-6
-4
-5
-3
0
-4
-5
-4
-5
-4
-4
-3
-1
-1
-1
-2
-3
1
3
4
2
2
4
1
5
6
7
10
8
8
7
10
6
11
9
7
11
8
8
5
6
6
6
6
8
7
4
8
6
9
9
7
8
8
7
6
6
7
5
5
5
4
5
8
4
2
3
1
5
4
4
2
5
5
1
1
-2
-4
-4
-3
-5
-4
-5
-3
-2
-3
-1
-6
-4
-4
-5
-5
-4
-6
-4
-3
-3
-1
-2
0
-3
-8
-8
-10
-8
-7
-10
-9
-9
-5
-3
-3
-1
-1
0
-2
1
4
0
1
3
0
-1
0
-3
-2
-8
-5
-6
-4
-2
-9
-3
-6
-2
-4
-3
-1
-2
1
-3
5
3
7
6
3
8
5
9
9
8
4
3
6
3
1
4
3
5
2
4
0
2
5
0
3
-1
-2
-2
2
0
-2
1
0
1
-3
-3
-3
0
2
-5
0
2
-5
1
-2
-1
0
0
0
-2
-1
-3
-3
-5
-2
-3
-3
-2
-4
-3
-1
-1
0
-1
-2
2
4
3
3
4
4
3
2
2
-1
3
-1
-1
0
-3
3
3
3
5
5
7
4
5
6
4
5
1
3
7
9
10
9
9
7
11
10
13
11
10
14
11
15
14
13
16
14
9
8
7
7
6
8
7
5
7
6
7
7
6
7
9
9
7
10
11
12
13
14
14
11
14
15
13
14
11
9
5
6
7
3
5
2
1
-1
1
1
-1
5
3
-1
1
1
5
8
10
11
9
9
9
13
14
14
14
13
13
13
14
10
9
10
10
8
10
9
7
11
11
10
11
7
7
9
12
10
10
9
10
9
11
12
10
14
11
12
14
13
12
13
11
7
8
6
4
5
4
3
3
0
1
-2
-1
1
0
0
-1
3
2
2
0
1
0
0
0
0
1
-1
-1
-3
-3
-4
-4
-3
-5
-3
-4
-2
-2
-4
-3
-5
-4
-3
-5
-3
-6
-5
-6
-2
-5
-5
-2
-6
-4
-2
-1
-4
-2
-1
-2
-1
-4
-1
-1
-2
-2
-4
-4
-4
-2
-2
-2
-2
-2
0
-4
-4
-5
-6
-6
-5
-4
-8
-6
-3
-5
-4
-6
-5
-4
-6
-3
-4
-4
-5
-7
-8
-8
-7
-10
-9
-12
-14
-13
-13
-11
-11
-14
-13
-15
-15
-14
-17
-15
-15
-17
-15
-14
-14
-17
-13
-16
-16
-15
-15
-11
-11
-9
-15
-12
-12
-12
-7
-9
-9
-9
-8
-6
-2
2
3
5
6
4
2
2
2
3
3
3
2
0
2
0
1
2
2
2
2
3
4
5
5
8
8
9
10
6
8
9
10
8
8
8
8
9
9
9
6
5
3
4
3
2
2
-1
0
0
1
2
5
3
0
2
1
2
5
6
5
4
8
8
8
8
8
8
7
7
8
5
7
6
4
8
5
3
6
4
5
6
7
5
4
5
6
6
6
3
3
3
3
6
6
6
7
9
13
12
13
15
14
12
10
7
5
5
5
5
3
0
0
-2
-2
-3
0
1
-3
-3
-5
-5
-4
-4
-4
-7
-5
-5
-5
-5
-3
-4
-7
-9
-8
-7
-8
-9
-9
-7
-9
-5
-6
-8
-7
-7
-7
-8
-7
-6
-6
-5
-8
-8
-6
-8
-8
-10
-10
-10
-6
-7
-9
-5
-5
-3
-3
-3
-3
-1
2
-2
0
0
2
-1
-3
-4
-7
-8
-6
-7
-8
-9
-10
-8
-8
-5
-5
-6
-3
-6
-4
-1
2
4
2
3
5
3
6
4
2
1
-1
-1
1
2
2
2
2
5
5
8
5
6
7
5
6
5
5
6
5
4
2
3
3
3
1
1
1
2
5
1
6
5
5
5
4
7
6
5
6
6
4
4
2
4
4
1
3
4
5
5
6
6
8
8
9
4
7
12
11
15
15
16
15
14
17
14
16
16
16
18
17
19
20
17
21
21
20
20
20
20
19
20
19
19
21
24
23
24
22
22
24
21
22
20
21
22
20
19
18
23
22
23
21
19
18
16
21
19
20
16
16
15
13
16
14
15
14
13
15
12
11
12
11
13
12
9
10
9
9
14
10
12
10
8
14
8
10
11
10
11
10
12
10
11
12
9
8
6
5
8
5
6
5
3
5
7
2
1
0
-2
2
-2
-1
-5
-6
-5
-8
-6
-5
-7
-7
-9
-11
-10
-11
-12
-15
-15
-16
-17
-24
-25
-23
-26
-27
-31
-33
-35
-36
-33
-34
-39
-36
-39
-38
-37
-37
-35
-37
-34
-33
-38
-34
-33
-35
-35
-37
-35
-37
-40
-41
-42
-43
-44
-41
-43
-42
-39
-36
-34
-32
-31
-30
-30
-27
-27
-26
-25
-24
-21
-26
-24
-18
-19
-17
-15
-12
-12
-12
-13
-13
-11
-9
-8
-10
-5
-8
-7
-6
-9
-9
-11
-10
-11
-9
-9
-9
-9
-7
-8
-10
-4
-5
-6
-5
-9
-8
-8
-7
-7
-7
-8
-6
-4
-6
-2
-3
0
-2
-6
-1
0
-1
3
1
4
8
6
11
8
8
8
8
8
6
11
10
10
11
16
18
18
19
16
18
18
22
23
19
22
21
23
22
24
23
21
23
19
21
17
21
20
16
20
17
18
16
19
19
23
21
19
20
18
21
21
20
19
17
16
13
15
14
13
12
9
9
8
9
11
8
10
9
6
7
8
12
10
12
10
11
14
13
13
11
11
10
12
11
12
11
11
12
12
9
7
7
5
4
3
6
5
4
6
5
3
2
2
-1
-2
-3
-2
2
-1
-1
0
-2
2
3
4
3
1
4
2
1
1
-1
-3
-3
-6
-7
-9
-11
-10
-12
-14
-17
-17
-18
-19
-16
-16
-13
-12
-13
-14
-13
-10
-12
-9
-10
-12
-12
-12
-11
-13
-6
-12
-12
-9
-12
-12
-11
-11
-13
-13
-15
-16
-14
-14
-14
-13
-14
-15
-13
-13
-13
-13
-13
-12
-12
-12
-13
-15
-13
-14
-13
-13
-14
-9
-8
-6
-2
-5
-6
-7
-5
-3
-2
1
2
1
4
4
-1
-5
-13
-13
-14
-9
-3
0
2
0
-4
-6
-6
-5
-5
-3
3
4
2
3
3
6
8
7
7
6
6
1
0
1
-2
0
3
4
4
5
3
5
0
-1
1
-1
1
2
3
-1
0
1
-1
1
0
-1
-5
-4
-5
-5
-4
-3
0
3
6
6
4
2
0
-1
-3
-2
0
0
3
6
6
3
6
4
1
2
1
4
2
3
1
3
4
5
11
10
13
15
16
16
14
12
11
12
14
16
17
19
18
17
19
16
18
19
20
25
20
18
13
11
9
9
12
12
17
18
19
15
12
11
10
10
9
10
8
12
11
14
15
13
17
17
18
16
11
12
10
9
10
12
15
17
20
19
17
12
9
8
7
5
4
8
7
8
8
6
7
4
3
0
-4
-5
-7
-5
-3
-2
2
3
2
3
0
1
-3
-1
2
2
3
3
2
0
-2
-5
-4
-6
-5
-8
-7
-13
-16
-14
-13
-9
-14
-15
-17
-17
-14
-15
-14
-15
-19
-15
-15
-17
-17
-19
-19
-21
-18
-20
-19
-18
-19
-18
-19
-18
-16
-15
-18
-18
-18
-19
-19
-18
-18
-18
-21
-18
-16
-17
-19
-19
-19
-19
-17
-18
-18
-18
-16
-15
-14
-14
-15
-11
-12
-15
-16
-16
-18
-16
-15
-15
-13
-14
-17
-16
-14
-12
-15
-15
-13
-12
-11
-8
-9
-11
-6
-5
-2
-1
-3
-3
-6
-7
-10
-6
-7
-8
-6
-8
-8
-5
-4
-4
-5
-6
-5
-7
-3
-4
-3
-3
-4
-1
3
2
1
-1
0
0
0
4
3
7
9
11
13
12
12
12
15
13
13
12
11
13
14
15
12
10
15
14
16
17
16
14
15
17
16
21
22
21
22
23
20
21
21
18
19
19
16
17
17
14
13
13
12
11
13
11
9
11
10
12
12
10
8
10
9
12
10
9
6
0
3
2
1
1
1
1
3
3
2
1
2
4
2
2
4
2
3
6
8
5
9
9
8
10
7
9
8
6
2
1
1
1
3
1
2
1
1
-1
-2
-2
-5
-5
-8
-8
-7
-10
-8
-11
-10
-17
-18
-14
-16
-11
-14
-13
-11
-14
-10
-8
-6
-7
-10
-11
-12
-8
-10
-7
-8
-11
-10
-13
-10
-10
-5
-8
-5
-7
-8
-6
-7
-5
-7
-6
-8
-8
-8
-8
-6
-8
-10
-11
-8
-8
-10
-11
-10
-10
-10
-12
-11
-9
-9
-9
-6
-8
-9
-8
-12
-12
-14
-13
-11
-13
-13
-15
-16
-13
-12
-8
-9
-6
-7
-7
-3
-4
0
0
1
-1
1
2
3
5
3
6
4
6
7
6
9
9
9
8
8
11
10
11
10
9
8
8
8
7
7
6
5
4
1
2
1
3
1
5
2
-1
0
-3
-2
-4
-2
-3
0
1
-1
1
0
1
1
3
7
9
13
11
11
6
5
8
7
9
9
6
8
8
10
9
8
10
5
6
7
5
8
8
9
6
5
4
4
4
3
4
3
4
2
3
4
3
4
0
-2
-2
0
2
4
5
6
8
9
8
10
10
10
11
11
10
7
9
8
10
8
9
10
6
9
6
7
4
5
5
1
3
0
1
1
-2
-1
-2
1
0
2
5
3
3
5
7
3
3
2
1
2
1
1
-1
-1
-3
-3
-6
-7
-4
-4
-4
-4
-4
-4
-7
-9
-9
-9
-11
-9
-9
-13
-10
-15
-12
-10
-13
-10
-12
-10
-13
-10
-7
-13
-8
-7
-8
-7
-2
-4
-5
-6
-7
-6
-10
-10
-11
-10
-14
-13
-13
-13
-11
-10
-12
-14
-14
-14
-15
-14
-13
-14
-18
-17
-17
-17
-12
-15
-16
-16
-14
-13
-17
-12
-13
-12
-11
-8
-9
-10
-8
-7
-2
-7
-6
-4
-5
-3
-3
3
3
2
6
2
3
4
2
4
5
3
3
3
3
1
1
3
1
4
8
5
9
10
9
9
8
10
9
10
12
12
11
10
6
7
8
8
12
11
14
12
13
17
15
17
18
16
16
16
16
18
17
19
17
17
15
15
14
16
16
17
19
17
17
18
18
20
16
15
15
16
18
16
20
21
20
18
16
19
19
20
19
19
20
19
19
19
16
14
14
14
10
12
13
12
13
12
10
8
11
8
8
9
10
8
9
11
12
12
9
13
11
11
12
8
6
4
4
6
4
1
2
0
2
1
1
-2
0
2
3
3
2
4
1
3
5
3
6
6
7
6
4
7
5
7
7
4
6
4
2
0
2
2
-2
-3
-6
-5
-3
-3
-7
-7
-7
-7
-4
-5
-4
-6
-4
-3
-3
-6
-7
-6
-7
-6
-6
-4
-6
-6
-6
-9
-8
-10
-12
-12
-12
-14
-15
-14
-14
-14
-16
-17
-19
-20
-21
-22
-20
-21
-21
-22
-22
-21
-17
-18
-17
-16
-13
-13
-12
-9
-12
-12
-9
-10
-14
-13
-17
-17
-15
-17
-14
-14
-12
-12
-14
-13
-14
-13
-12
-16
-14
-16
-16
-14
-11
-13
-14
-11
-13
-11
-11
-9
-7
-8
-7
-8
-7
-6
-7
-5
-7
-7
-9
-10
-6
-7
-7
-5
-7
-7
-7
-7
-6
-8
-5
-3
-9
-5
-7
-7
-7
-8
-6
-11
-9
-11
-11
-7
-4
-4
-1
2
3
4
2
0
0
1
-1
-3
-3
-3
0
-1
2
1
0
2
2
4
3
2
5
3
3
3
5
5
3
2
1
2
2
3
3
5
2
1
5
3
6
3
7
7
5
11
6
12
9
9
8
7
8
7
5
5
4
3
7
7
6
5
6
7
9
8
6
5
5
6
6
9
7
10
9
9
8
10
12
10
11
8
12
13
15
14
12
13
10
17
13
12
17
11
15
13
14
16
14
15
12
17
15
18
20
17
18
20
24
20
23
21
19
19
17
20
19
19
21
17
18
19
20
19
15
16
16
16
16
18
18
20
24
19
18
17
18
17
15
10
10
12
9
10
11
8
4
4
3
0
2
2
1
5
4
3
1
-3
1
0
1
1
-3
-1
-3
-2
-1
-3
-3
-3
-4
-7
-4
-5
-7
0
-3
-3
-3
-2
-6
-11
-5
-11
-12
-15
-21
-12
-10
-10
-11
-18
-23
-25
-23
-20
-25
-23
-22
-26
-20
-18
-15
-18
-22
-19
-18
-10
-16
-18
-19
-23
-16
-13
-9
-15
-46
-57
-19
8
-20
-17
-1
-33
-44
-20
-7
-29
-20
-2
-17
-11
-2
-13
-13
-2
-9
-4
3
-1
-8
-9
-19
-3
36
1
-24
2
-3
-26
-4
21
-9
-22
6
0
-24
-12
-2
-14
-23
-3
0
-20
-11
-3
-16
-15
-10
-9
-13
-11
-10
-10
-4
-4
-8
-8
-7
-10
-5
-6
-9
-3
-2
-5
4
13
-5
-5
19
9
-7
8
19
8
5
19
16
7
9
21
18
10
13
13
7
7
13
10
11
11
10
0
3
14
6
0
1
1
4
-1
2
8
3
3
5
9
8
0
2
1
4
11
8
6
1
3
4
4
12
9
8
7
7
12
10
12
10
6
4
3
8
14
10
1
0
3
6
4
1
1
-5
-2
-1
-2
-4
-2
3
2
-2
-1
-7
-10
-2
-4
0
6
-2
-9
-4
-6
-5
6
4
0
-3
-3
-1
-6
-7
4
6
-3
-3
-7
-17
-13
-4
-1
-3
-4
-7
-15
-12
2
1
-6
-2
-4
-7
-1
-3
1
-1
-3
0
2
0
-9
-10
-11
-8
-4
-8
-9
-11
-20
-22
-15
-9
-15
-23
-21
-17
-18
-15
-13
-16
-18
-12
-5
-4
-9
-11
-6
-10
-6
2
-9
-8
-4
-7
-5
0
1
-2
-1
2
9
3
0
-1
-5
-2
5
8
7
2
1
7
4
2
6
4
2
8
13
7
3
2
6
11
10
11
11
9
8
12
11
11
10
7
10
10
11
10
7
12
11
7
9
14
3
-2
11
3
-1
4
1
1
-4
2
1
-7
-7
-5
4
8
5
7
5
4
8
13
13
7
6
9
11
13
13
14
13
12
16
14
14
16
13
14
19
19
17
17
17
14
12
16
12
8
9
9
5
4
5
4
4
3
-1
2
2
-7
-7
-3
-4
-4
-3
-7
-8
-7
-11
-10
-13
-15
-13
-12
-14
-20
-19
-16
-19
-18
-17
-19
-18
-20
-17
-16
-14
-16
-13
-12
-15
-11
-11
-10
-9
-10
-10
-9
-6
-7
-7
-7
-11
-12
-7
-7
-3
-1
-2
-5
-5
-5
-4
-2
-7
-6
-7
-10
-9
-13
-9
-9
-11
-10
-7
-9
-8
-5
-7
-3
-4
-4
-1
-8
-8
-9
-12
-12
-13
-12
-12
-10
-13
-12
-9
-15
-11
-8
-13
-10
-6
-5
-9
-5
-10
-13
-12
-15
-18
-17
-15
-22
-22
-16
-20
-16
-14
-15
-19
-18
-17
-14
-17
-16
-14
-14
-14
-10
-4
-6
-7
-5
-4
-4
-2
-1
-2
-3
-3
-1
-3
-3
2
2
0
0
-4
-5
-6
-6
-6
-6
-4
-2
-2
-1
4
4
9
9
10
12
12
12
15
12
11
13
14
15
11
13
10
6
8
7
6
6
8
4
-1
0
-1
-2
-2
-3
-4
-5
-6
-5
-3
-7
-6
-2
-4
-2
-2
-1
-5
-4
-6
-6
-7
-10
-6
-11
-7
-5
-6
-4
-9
-3
-5
-6
-3
-5
-4
-3
0
-5
-1
0
0
4
-4
1
1
1
-1
-1
1
0
1
-2
1
2
3
6
5
7
6
7
7
14
11
8
10
9
13
14
15
16
12
15
9
11
11
11
12
10
14
13
18
14
15
17
17
18
13
15
11
10
10
8
6
7
8
6
4
3
1
-1
-2
2
2
2
6
4
4
6
2
2
3
-1
-1
-2
-4
-1
-4
-4
-6
-6
-4
-3
2
1
0
1
1
3
4
6
9
10
10
10
9
11
13
12
17
17
12
15
13
14
15
12
12
11
13
11
10
11
9
11
8
11
9
4
4
2
3
2
-2
-1
-1
-3
-1
-3
-3
-5
-3
-1
-2
0
-4
-6
-6
-9
-9
-9
-13
-16
-15
-19
-18
-18
-19
-23
-22
-22
-23
-23
-20
-18
-18
-17
-19
-19
-17
-16
-18
-16
-16
-16
-16
-19
-19
-17
-17
-21
-16
-20
-20
-16
-15
-13
-14
-13
-14
-13
-14
-17
-17
-13
-14
-10
-10
-13
-11
-9
-9
-12
-9
-11
-12
-10
-8
-7
-7
-8
-7
-1
1
6
2
3
6
4
7
4
5
7
6
6
8
10
10
12
13
14
17
15
15
15
14
15
14
14
15
14
14
12
10
9
9
11
13
12
11
13
15
16
16
16
16
16
17
15
18
16
16
17
16
15
15
20
20
18
17
18
17
18
20
22
23
18
19
19
18
18
13
11
16
11
12
11
9
8
9
11
9
10
8
9
10
11
8
5
6
5
6
2
4
0
0
0
-1
0
-2
1
1
2
5
3
2
3
1
3
0
0
2
3
0
0
0
-1
-2
-5
-4
-3
0
4
3
4
5
9
9
9
8
9
12
10
9
7
3
1
3
2
4
2
0
1
-4
-5
-1
-1
-6
-5
-2
-9
-5
-2
-5
3
2
1
1
-2
-3
-4
-4
0
-2
-2
-2
-2
0
-2
-3
-3
-3
-9
-11
-9
-12
-9
-6
-12
-10
-7
-10
-2
-3
-7
-9
-10
-6
-5
-4
-1
-3
-4
-3
-6
-4
-8
-7
-10
-10
-4
-14
-6
-7
-21
-11
-13
-13
-3
-15
-16
-8
-16
-17
-17
-12
-11
-16
-12
-12
-11
-18
-12
1
-6
1
4
-14
-23
-35
-32
28
42
8
10
-9
-36
-23
7
22
31
31
9
0
-6
-44
-25
19
9
28
36
5
-24
-54
-36
-7
24
30
19
21
-9
-30
-17
-6
7
16
29
44
24
-2
-13
-18
-11
8
41
57
33
7
-18
-25
1
8
30
49
24
5
-1
-10
-11
-5
5
18
36
23
-2
-2
-22
-18
19
36
42
31
7
-2
-4
0
9
27
26
17
20
3
-5
-13
-19
0
18
25
17
9
-14
-26
-15
-3
19
29
10
-1
-12
-20
-11
0
4
3
4
0
-7
-15
-25
-28
-18
-13
-7
-5
-19
-28
-35
-32
-17
-7
-7
-12
-19
-23
-26
-19
-12
-7
1
0
0
1
-16
-21
-23
-17
-4
-4
0
-12
-22
-24
-22
-1
-1
-3
0
-9
-12
-12
-11
-1
4
5
8
5
6
0
-9
3
4
10
15
6
4
-5
-4
0
3
7
0
1
-3
-7
0
-1
0
-1
-7
-3
-1
-5
-1
-3
-14
-8
-8
-7
-4
-7
-8
-9
-2
1
1
2
-1
2
7
6
6
3
0
0
5
12
11
5
2
4
6
12
10
8
5
0
-1
2
0
-2
4
2
5
10
6
3
-3
-3
-1
5
9
4
3
-1
-5
0
1
4
-5
-4
-2
-8
-4
-6
-9
-9
-12
-11
0
2
-5
-5
-4
-10
-9
-6
-8
-7
-1
3
14
9
3
5
5
16
18
18
21
14
8
13
20
19
19
16
12
7
4
6
11
14
14
13
15
8
2
4
9
12
15
19
18
14
10
12
17
18
19
22
23
22
18
19
20
15
16
16
14
13
15
8
7
4
2
7
8
9
9
9
10
7
8
18
22
23
23
23
24
27
22
24
29
20
21
14
14
11
6
11
8
11
10
5
8
-1
-5
0
1
5
1
-3
1
0
-3
2
2
0
1
-1
-2
-5
-6
-7
0
0
0
2
-3
-3
-5
-7
-6
-6
-7
-6
-6
-9
-5
-7
-9
-5
-6
-2
-1
-1
-3
-6
-2
-5
0
2
-4
-3
-4
-6
-2
-6
-5
-9
-13
-8
-13
-11
-10
-12
-10
-11
-9
-11
-15
-15
-20
-15
-13
-14
-11
-11
-12
-14
-10
-11
-10
-13
-11
-10
-15
-12
-14
-12
-11
-15
-11
-14
-12
-12
-12
-10
-12
-13
-16
-10
-11
-12
-11
-10
-8
-14
-9
-10
-8
-6
-11
-6
-10
-9
-7
-11
-8
-14
-13
-11
-16
-14
-16
-13
-13
-12
-13
-15
-14
-16
-15
-14
-13
-14
-15
-12
-10
-8
-8
-7
-6
-5
-3
1
-1
1
-1
0
1
0
1
-1
2
0
-2
0
-4
-1
-3
-2
4
3
7
6
7
9
6
7
8
11
13
15
15
13
16
13
12
14
12
11
9
9
8
9
10
10
13
10
15
14
11
15
10
12
13
15
14
12
12
9
11
12
10
11
12
10
11
9
9
7
8
10
13
12
10
7
6
8
10
8
10
10
7
11
9
10
14
15
17
15
17
14
14
15
15
16
17
16
14
12
11
11
11
14
9
11
9
8
12
7
7
6
4
8
6
5
8
5
2
2
5
5
5
4
1
1
0
0
3
4
3
3
1
-1
0
-2
-2
-2
0
0
1
0
-1
0
-1
0
0
-1
-2
-5
-6
-7
-6
-8
-10
-10
-10
-11
-13
-14
-13
-8
-8
-7
-9
-6
-6
-9
-6
-7
-8
-9
-12
-14
-18
-16
-17
-16
-17
-19
-19
-20
-17
-18
-19
-17
-19
-15
-16
-15
-17
-19
-18
-19
-16
-16
-14
-14
-17
-14
-15
-17
-15
-15
-14
-14
-12
-10
-10
-7
-6
-4
-6
-4
-6
-9
-6
-9
-5
-6
-5
-3
-7
-4
-4
-4
-3
-4
-3
-3
-1
-1
-3
-3
-2
-2
1
2
0
1
-2
-4
-3
-2
-5
-6
-10
-12
-12
-14
-12
-10
-12
-12
-9
-9
-8
-9
-8
-7
-7
-6
-4
-3
-4
-2
-4
-3
-4
-3
-2
0
-2
-4
-5
-4
-2
-1
-3
0
-1
-1
0
1
5
2
6
6
5
8
6
7
7
8
9
10
8
8
8
8
10
9
8
11
9
13
13
13
10
8
15
14
16
15
15
15
14
16
16
16
17
17
16
16
16
14
14
17
17
17
16
14
14
11
11
10
9
8
9
10
8
9
5
5
7
7
12
9
8
6
5
3
2
4
1
2
1
1
-1
-2
-1
-1
-1
-1
-2
-4
-3
-2
-1
0
2
0
2
3
4
3
3
2
2
2
0
0
-1
-3
-6
-4
-5
-5
-3
-4
-3
-6
-6
-7
-4
-4
-4
0
-2
2
1
1
-1
-2
-1
0
0
-2
-2
-4
-3
-3
-5
-5
-4
-4
-2
-1
0
2
3
3
6
1
0
-1
-3
-3
-6
-5
-10
-8
-12
-13
-11
-12
-12
-11
-11
-10
-10
-13
-10
-10
-8
-10
-9
-7
-8
-7
-10
-9
-11
-9
-9
-13
-9
-10
-9
-10
-13
-9
-10
-8
-5
-4
-3
0
0
-2
2
4
7
5
5
4
5
6
7
7
8
7
7
10
8
9
7
9
8
10
8
8
10
8
6
8
11
9
10
12
9
11
9
6
5
7
7
6
4
2
2
0
2
2
2
3
-1
-3
0
-1
0
1
-3
-4
-6
-2
-1
-2
3
3
3
5
6
6
9
11
11
11
10
11
11
10
10
10
8
9
14
13
13
13
12
12
10
10
8
6
8
4
5
8
6
3
5
4
3
3
2
1
-1
0
-1
1
2
3
2
5
4
4
5
2
4
1
2
2
2
2
-1
0
-1
0
-2
-1
-2
-4
-3
-4
-4
-4
-5
-3
-3
-3
-4
-5
-6
-5
-2
-3
-2
-1
-3
-1
-2
-1
-2
-2
-1
-1
-2
-2
-3
-3
-2
-1
-1
-2
-3
-4
-3
0
0
-1
-1
0
0
3
4
3
6
5
6
3
1
-1
-5
-4
-4
-1
-4
-4
-4
-7
-5
-5
-9
-5
-6
-7
-4
-8
-6
-7
-9
-7
-9
-7
-7
-11
-10
-9
-10
-9
-10
-11
-12
-13
-13
-11
-11
-12
-12
-12
-12
-11
-11
-10
-10
-11
-10
-9
-10
-9
-9
-7
-7
-6
-7
-7
-9
-11
-10
-14
-10
-13
-12
-10
-11
-10
-12
-8
-8
-8
-6
-2
0
-1
-1
0
1
-1
0
1
-1
-2
-4
-7
-5
-6
-4
-2
-5
-3
-6
-3
-2
-4
-3
-1
2
2
3
2
5
10
7
10
8
10
8
9
11
8
11
6
4
1
3
7
5
7
4
6
3
3
4
1
1
2
2
3
5
2
2
5
3
2
-2
-3
-3
-3
-2
2
3
2
2
3
4
6
5
4
4
3
4
4
3
1
2
3
0
3
1
3
1
2
3
3
7
3
6
6
8
9
9
9
8
10
8
7
9
8
8
8
9
9
7
7
4
4
2
5
5
3
3
3
3
5
5
4
6
6
5
5
6
6
5
7
5
4
3
3
4
6
8
7
4
4
6
4
4
4
5
2
0
0
-1
2
0
2
1
-2
3
2
4
4
5
5
4
7
6
9
11
11
9
10
11
10
7
8
7
7
7
5
3
3
2
2
0
-2
-1
1
0
1
4
3
3
2
1
1
0
2
0
-3
-4
-7
-11
-10
-14
-14
-18
-15
-16
-16
-10
-16
-15
-15
-14
-14
-12
-10
-10
-9
-8
-8
-8
-10
-10
-8
-10
-9
-10
-11
-11
-12
-11
-12
-13
-11
-13
-13
-11
-12
-10
-9
-11
-12
-16
-11
-11
-9
-6
-9
-8
-6
-7
-10
-12
-12
-12
-11
-11
-5
-7
-6
-4
-2
0
-1
4
4
3
4
5
5
5
6
4
3
0
1
2
1
2
3
6
7
8
9
7
11
8
9
13
14
15
13
15
12
14
15
13
12
14
14
13
13
13
14
14
15
15
13
13
14
14
15
14
13
14
14
13
14
11
10
10
7
10
13
12
9
11
14
14
12
14
15
13
14
16
15
12
12
12
12
11
12
10
11
9
11
11
10
12
11
14
12
12
14
14
11
13
12
12
14
16
10
7
7
9
9
7
11
8
11
6
8
11
9
10
8
11
11
11
10
10
6
8
7
8
7
5
4
2
0
2
1
-1
0
1
-1
-3
0
0
2
1
1
-3
-4
-4
-5
-4
-6
-7
-7
-7
-6
-7
-8
-8
-8
-8
-10
-10
-11
-10
-7
-8
-7
-8
-9
-10
-8
-8
-7
-6
-7
-8
-10
-10
-6
-11
-12
-16
-18
-17
-21
-19
-18
-19
-19
-18
-18
-18
-16
-15
-14
-15
-14
-14
-13
-14
-14
-16
-14
-13
-14
-16
-16
-19
-20
-18
-20
-17
-21
-22
-22
-23
-22
-24
-23
-22
-24
-25
-24
-24
-22
-22
-25
-24
-23
-22
-20
-20
-17
-15
-14
-16
-16
-16
-16
-17
-15
-16
-17
-14
-13
-15
-14
-15
-15
-14
-15
-13
-10
-10
-13
-12
-12
-10
-8
-8
-7
-9
-11
-10
-5
-3
-3
-3
-5
-5
-4
-4
-1
1
0
-2
0
3
2
6
8
8
7
10
9
10
10
7
7
7
5
7
10
11
12
11
11
12
12
15
15
16
17
17
20
18
21
20
21
25
23
24
21
22
20
20
21
18
19
20
21
19
20
20
21
18
19
20
20
22
18
20
17
17
16
12
15
11
9
9
10
11
12
15
12
13
15
15
11
9
10
6
7
6
7
8
8
6
4
4
0
2
4
3
3
1
-1
-1
0
1
-1
0
2
1
2
1
1
1
1
1
1
0
0
0
0
-2
0
2
3
2
2
3
3
1
-1
-1
-1
-3
-3
-3
-3
-4
-5
-4
-5
-3
-2
-3
-4
-7
-4
-5
-5
-5
-5
-4
-3
-3
-5
-5
-4
-4
-7
-9
-9
-11
-10
-10
-12
-10
-13
-14
-15
-15
-16
-17
-17
-19
-16
-14
-13
-12
-15
-10
-10
-10
-11
-10
-10
-12
-11
-12
-10
-10
-6
-8
-8
-8
-10
-8
-9
-6
-6
-8
-7
-7
-8
-7
-7
-5
-6
-5
-2
-6
-7
-7
-6
-7
-6
-5
-7
-3
-5
-4
-2
-2
-3
-4
-4
-3
1
3
4
4
3
4
2
1
3
8
6
6
7
7
8
7
7
7
5
6
6
10
9
9
9
9
9
6
9
10
13
13
13
13
10
12
8
8
8
5
6
4
5
5
3
3
4
3
2
3
4
7
4
3
4
6
4
4
4
3
4
3
3
5
6
7
6
5
5
3
2
3
1
2
1
2
3
2
3
3
3
4
3
3
3
5
4
5
8
5
6
5
6
5
3
4
4
4
4
5
7
4
4
2
1
2
2
6
3
4
7
5
3
2
2
2
3
3
1
1
-2
-4
-2
-3
-3
-4
-5
-4
-4
-2
-2
1
1
-2
2
-1
-1
1
1
-1
-1
0
-2
-1
-3
-6
-6
-9
-9
-11
-12
-11
-14
-14
-13
-12
-13
-12
-11
-13
-14
-15
-14
-11
-9
-9
-8
-7
-7
-5
-6
-3
-4
-5
-3
-4
-4
-6
-6
-3
-6
-5
-5
-4
-5
-6
-6
-5
-6
-7
-5
-3
-4
-4
-4
-4
-3
-3
-2
-5
-3
-3
-3
-2
-2
1
1
1
-2
0
-1
-4
-6
-8
-8
-9
-8
-8
-7
-8
-10
-8
-9
-9
-11
-9
-8
-10
-6
-9
-9
-7
-7
-5
-6
-6
-5
-7
-6
-7
-5
-5
-5
-8
-4
-1
-2
-4
-7
-3
-3
-4
1
0
0
0
-2
-2
-4
0
1
2
2
3
5
3
5
5
8
8
8
6
7
6
7
9
8
9
3
7
9
7
6
7
7
7
8
9
12
14
13
14
15
14
14
12
14
14
13
14
11
13
13
16
16
15
14
11
12
11
12
12
13
13
14
11
11
10
9
9
8
6
5
4
6
2
2
4
3
6
2
6
2
1
4
3
4
1
1
-1
3
5
4
4
2
1
1
-1
-2
-3
-2
-2
-2
-2
-2
-1
-1
1
2
1
1
-2
0
-1
0
3
2
2
3
3
4
2
2
5
4
3
3
1
0
-2
-3
-3
-3
-3
-4
-2
-1
-6
-2
-2
-6
-7
-5
-9
-10
-9
-10
-11
-13
-12
-11
-12
-11
-11
-12
-12
-14
-10
-12
-14
-12
-14
-13
-13
-11
-9
-11
-14
-12
-13
-11
-15
-19
-17
-18
-18
-21
-19
-20
-19
-20
-20
-18
-16
-13
-13
-12
-16
-15
-13
-13
-12
-12
-12
-14
-14
-14
-12
-12
-13
-12
-13
-8
-10
-10
-5
-12
-8
-10
-8
-7
-9
-9
-10
-7
-8
-7
-4
-4
-2
-5
-3
-4
-3
-1
-2
-1
-7
-1
1
2
3
-2
-1
-1
-1
-2
-5
-5
-8
-5
-6
-5
-4
-4
-6
-7
-4
-5
-7
-6
-7
-6
-9
-9
-6
-2
-2
-1
-4
-7
-5
-5
-1
-4
-1
2
-1
3
4
7
5
4
12
12
13
12
11
14
17
20
14
12
7
9
8
4
4
1
4
1
4
10
10
14
13
15
18
20
26
22
22
25
25
28
29
31
30
31
28
25
23
20
17
14
11
12
11
11
12
11
9
8
13
19
21
25
25
22
22
22
27
28
29
31
23
23
19
16
22
23
19
17
15
14
10
6
4
0
-1
-10
-11
-10
-7
-2
-1
0
4
6
8
16
22
26
25
21
21
25
27
24
22
17
12
14
18
9
-6
-5
-9
-18
-20
-17
-22
-30
-32
-27
-24
-23
-17
-10
-9
4
13
10
12
12
17
33
40
44
40
40
44
36
29
20
5
0
-5
-13
-19
-31
-39
-52
-54
-50
-61
-62
-61
-61
-61
-62
-46
-33
-28
-17
-14
-4
2
1
5
7
19
12
7
2
5
13
-2
-15
-26
-41
-45
-54
-73
-74
-84
-91
-91
-102
-92
-79
-69
-56
-55
-48
-35
-21
18
44
59
60
59
68
57
61
79
81
66
35
15
19
10
17
13
-27
-52
-69
-67
-56
-76
-70
-61
-61
-60
-84
-81
-60
-36
8
9
3
4
8
58
70
57
58
34
32
47
54
50
-1
-30
-29
-35
-30
-51
-86
-119
-113
-90
-139
-166
-147
-157
-171
-170
-125
-105
-120
-82
-52
-26
9
59
97
73
76
97
104
134
105
86
97
63
64
35
-9
-15
-73
-50
19
-55
-130
-144
-96
-14
-19
10
1
-78
-19
99
201
221
183
214
435
1213
2022
1668
528
84
875
1963
2221
1983
1423
409
-98
208
890
1106
360
-694
-1460
-1563
-1250
-1404
-1761
-1905
-2181
-2545
-2836
-2671
-2656
-3039
-2932
-2670
-2692
-2978
-2988
-2105
-835
189
660
378
14
174
1157
3105
4649
4548
3242
2408
2869
3569
4091
4644
4522
3116
1396
921
1488
1603
1104
590
-121
-1188
-2247
-2488
-2063
-1909
-2175
-2620
-3063
-3514
-3812
-3468
-2474
-1656
-1549
-1814
-1905
-1612
-934
110
1141
1534
1236
908
1019
1577
2284
2865
2993
2575
1996
1618
1618
1835
1961
1742
1104
280
-325
-641
-721
-708
-874
-1260
-1853
-2367
-2558
-2451
-2158
-1910
-1831
-1913
-2077
-2019
-1581
-933
-292
38
200
343
504
947
1521
2044
2524
2943
3268
3142
2618
2388
2678
3135
3269
2877
2117
1184
547
465
596
502
-141
-1084
-1869
-2249
-2117
-1949
-2010
-2197
-2543
-2846
-2983
-2898
-2589
-2291
-2074
-2000
-2108
-2249
-2269
-2034
-1524
-1108
-1123
-1424
-1546
-1144
-316
809
1516
1286
984
1647
2519
2441
2234
3239
4524
3889
2609
2685
3332
3012
2178
2579
3072
1798
-92
-438
378
479
-610
-1278
-1311
-1864
-2742
-2937
-1940
-1701
-2652
-3166
-2714
-2220
-2533
-2498
-1497
-890
-1159
-1170
-588
6
134
503
1227
1416
1141
900
1189
1646
1803
1795
1568
1327
1206
976
912
929
752
377
-190
-427
-391
-633
-962
-1117
-1123
-1224
-1552
-1625
-1412
-1263
-1183
-1050
-713
-514
-511
-363
120
1139
2092
2275
1869
1650
1942
2755
3619
4186
4052
2881
2134
2196
2677
2865
2272
1370
348
-335
-554
-698
-1019
-1447
-2264
-2998
-3566
-3658
-3668
-3971
-3730
-3656
-3844
-4300
-4470
-4088
-3626
-3144
-2820
-2946
-3328
-3021
-2045
-923
-83
843
1672
2089
2341
2868
3731
4217
4815
5811
6458
5914
4771
4380
4828
5108
4747
4100
3031
1481
106
-203
29
-345
-1660
-3018
-3555
-3890
-4272
-4402
-4119
-4056
-4549
-4825
-4376
-3875
-3686
-3108
-2021
-1098
-939
-689
4
815
1613
2307
2946
3061
2797
2720
2976
3335
3567
3294
2774
2190
1628
1215
863
719
275
-533
-1353
-1896
-2144
-2407
-2625
-2622
-2779
-3078
-3214
-3117
-2634
-2262
-1943
-1474
-1115
-736
-285
599
1874
2747
2960
2771
2862
3603
4571
5291
5466
4907
4068
3336
3202
3657
3520
2609
1242
137
-507
-1023
-1409
-1771
-2507
-3544
-4377
-4860
-4828
-4777
-4651
-4696
-4873
-4994
-5146
-4839
-4275
-3571
-3098
-3029
-3132
-3125
-2661
-1501
-262
354
1072
2255
3539
3835
3206
3453
4781
6424
7335
7176
6429
5327
4592
4907
5807
5989
4663
2232
651
93
37
-293
-1242
-2096
-3455
-4538
-4908
-4728
-4622
-4968
-5172
-4926
-4834
-5050
-4884
-4193
-2936
-2008
-1306
-875
-615
-86
848
2233
3276
3570
3311
3057
3137
3563
3928
4184
3907
3142
2272
1617
1403
1217
874
253
-630
-1669
-2343
-2631
-2633
-2679
-2923
-3263
-3626
-3722
-3535
-3007
-2445
-1903
-1509
-1177
-597
120
1136
2445
3550
3783
3427
3626
4607
5736
6167
5916
5251
4361
3877
3804
3766
3313
2323
949
-174
-899
-1352
-1945
-2757
-3385
-4157
-4907
-5578
-5703
-5637
-5614
-5518
-5598
-5704
-5873
-5557
-4720
-3845
-3616
-3835
-3824
-3077
-1947
-1056
-122
1014
2691
4182
4766
4093
3251
4414
7124
9238
9100
7538
6150
5250
5125
6263
7489
6626
3516
522
-218
111
-64
-963
-1908
-3024
-4794
-5944
-5906
-5221
-5207
-5692
-5584
-5243
-5652
-6136
-5402
-3636
-2053
-1641
-1350
-1047
-823
-82
1465
3377
4094
3429
2747
2736
3332
4022
4417
4702
4034
2712
1657
1307
1631
1505
786
-48
-1089
-2210
-2986
-3118
-2656
-2586
-3106
-3775
-4185
-4162
-3859
-3014
-1805
-768
-508
-869
-459
1283
3152
3637
3423
3680
4484
5301
5493
5798
5626
5051
4523
4079
4004
3550
2449
1181
412
65
-540
-2018
-2888
-3445
-3811
-4323
-5132
-5156
-5849
-6272
-6260
-5922
-5478
-5657
-5979
-5779
-5126
-4505
-3964
-3748
-3344
-3452
-2972
-1126
1893
4793
5218
3624
1554
2141
6167
10274
11244
9304
6882
5497
5117
6197
8659
9335
6545
2230
25
331
488
-95
-692
-1239
-3007
-5805
-7185
-6469
-5519
-5348
-5312
-5037
-5803
-7741
-8051
-5498
-2277
-1094
-1442
-1848
-2119
-1838
-45
3246
5387
4659
2749
1906
2639
3873
4978
5946
5626
3836
1771
1015
1852
2359
2065
1239
-117
-1616
-3022
-3405
-2600
-2075
-2326
-3161
-4197
-4710
-4763
-3992
-2368
-718
-64
-982
-1474
-168
1859
3122
3500
4023
4530
4479
4492
5120
5659
5881
5284
4542
4056
3394
2709
1834
1509
1193
142
-1480
-2533
-2892
-3235
-3915
-4249
-4482
-5530
-6318
-6885
-6446
-5900
-5672
-5495
-5927
-6039
-5770
-5238
-4508
-3654
-3182
-3137
-2798
-497
3342
5813
4791
1565
1047
4848
9636
11477
10126
8315
6669
5183
5718
8691
10736
8228
3262
865
1405
1386
55
-632
-499
-2009
-5179
-6771
-6299
-5792
-6399
-6210
-4903
-5100
-7402
-8818
-6855
-3570
-1824
-1672
-1706
-1983
-2338
-1248
1915
4808
4821
2951
2006
2538
3284
4153
5214
5823
4547
2191
1207
1539
1869
1791
1315
629
-745
-2714
-3490
-3022
-2203
-1987
-2668
-3477
-4138
-4512
-4036
-2305
-158
450
-469
-464
572
1501
2144
3185
4761
5123
4383
4154
4238
4571
4919
4867
4688
3847
2687
1488
822
1022
972
18
-1377
-2380
-2986
-3750
-3960
-3400
-3905
-4945
-6103
-6622
-6170
-5898
-5251
-5117
-5708
-6088
-6106
-5463
-4379
-3783
-3674
-3798
-2437
1395
4961
5407
1876
-688
2315
7982
11513
10845
8641
7153
5258
4821
7763
11201
10323
4918
1059
1515
2320
981
-392
-40
-472
-3790
-6452
-6398
-5542
-6115
-6719
-5001
-4166
-6506
-9220
-8349
-4571
-1997
-1640
-1644
-1868
-2676
-2408
474
4372
5294
3413
1866
1901
2716
3295
4453
5856
5137
2570
723
889
1970
2049
1346
730
-252
-2017
-3262
-2882
-1884
-1623
-2367
-3092
-3223
-3352
-3193
-2225
-1015
188
1070
1472
969
298
1082
3034
5239
5582
4569
3484
2698
3432
4564
5206
4857
3108
1380
866
991
1311
724
-274
-1195
-2404
-2919
-3300
-3046
-3313
-4138
-4410
-5058
-5517
-5685
-5686
-5232
-5052
-5366
-5401
-5539
-5276
-4581
-4256
-4070
-3594
-1607
2515
5584
4072
-248
-1287
3700
9551
11314
9612
7825
6116
4332
5029
9169
11791
8555
2982
605
2207
2317
565
-67
397
-957
-4445
-6004
-5284
-4936
-6376
-5956
-3744
-3804
-7117
-9340
-7009
-3361
-1579
-1531
-1395
-2044
-3253
-2238
1867
5145
4634
2364
1292
2040
2571
3332
4842
5457
3866
1209
47
952
2039
1805
798
-182
-1482
-3006
-3348
-2338
-1313
-1936
-3421
-3828
-3223
-2727
-2106
-844
49
304
519
1000
1602
2081
2710
3889
4345
4245
3971
3261
3515
4151
4543
4124
2713
1741
1294
1115
1274
834
-152
-1334
-2347
-2421
-2656
-2535
-2483
-3551
-4464
-5044
-5016
-4938
-5187
-4772
-4549
-5209
-5969
-6083
-5274
-4500
-4262
-4252
-4279
-2916
1142
5252
5139
262
-2533
2072
8887
11566
9773
7776
6456
4258
3872
8227
12552
10308
3694
-4
1825
2899
1045
-157
831
151
-4025
-6703
-5622
-3928
-5414
-6293
-4431
-3549
-6672
-9915
-7702
-3132
-1045
-1802
-2241
-2244
-2822
-2346
1373
5179
5229
2593
719
1797
3035
3782
4760
5415
4313
1323
-523
576
2407
2473
1092
-292
-1332
-3130
-3942
-2535
-810
-1055
-3193
-4479
-3956
-3180
-2094
-279
1172
1410
305
-327
800
2694
4359
5144
4485
3518
2526
2479
3768
4829
5039
3651
1818
728
503
1027
1599
1020
-204
-1832
-2794
-2929
-3068
-2150
-2085
-2872
-4344
-5390
-5030
-4768
-4502
-4099
-4051
-4850
-5947
-6154
-4836
-4138
-4030
-4121
-3965
-1766
2182
5604
3966
-1270
-2122
4152
10841
11557
8358
6740
6076
4411
4956
9225
12076
7934
1335
55
2774
3029
-1
-1205
221
-907
-4843
-6704
-5165
-4291
-6053
-5997
-3468
-3509
-7675
-10195
-6694
-1674
-354
-1473
-2047
-2257
-2827
-1397
3258
6521
5222
1900
740
2135
3401
4368
5576
5856
3617
187
-1049
543
2551
2437
657
-1010
-2651
-4286
-4320
-2328
-631
-1675
-4252
-5072
-4130
-3152
-2136
-663
592
711
630
1302
2018
2516
3325
4849
5843
5127
3816
2927
3194
4137
4652
4612
3273
1131
-343
-389
810
1025
-289
-1697
-3049
-3833
-4014
-3249
-2187
-3042
-4651
-5209
-4994
-4810
-5116
-4854
-4108
-4634
-5426
-5513
-4832
-4334
-4588
-4060
-3250
-1169
2905
6247
4700
-902
-2539
3820
11318
12513
9654
7328
5953
3787
4132
9229
12727
8844
1507
-967
1224
2092
-102
-811
208
-1348
-5583
-7846
-5988
-4743
-5922
-6018
-3794
-3730
-7718
-10270
-7113
-2004
-121
-642
-1312
-1961
-2901
-1527
3291
7008
6293
3026
1257
1976
3026
4235
5949
6530
4484
646
-1469
-240
1879
2481
1350
-549
-2582
-4825
-5265
-2869
-665
-1195
-3792
-5175
-4315
-3312
-2557
-773
1377
1966
1052
170
1191
3020
4335
5553
5793
5210
3714
2631
3208
4524
5137
4141
2276
723
-26
-149
284
12
-424
-1688
-3178
-4009
-4374
-3183
-2761
-3432
-4592
-5036
-4853
-5066
-5329
-4814
-4041
-4608
-5415
-5391
-4341
-4059
-4340
-4399
-3106
540
5243
6996
2567
-2770
-1200
7168
13241
12588
9165
6837
4712
3325
6297
12108
12778
5846
-270
-377
2106
1253
-868
-382
-131
-3317
-7338
-7601
-5748
-5763
-6878
-5304
-3365
-5495
-9930
-10284
-5375
-1128
-428
-1284
-1763
-2653
-2883
126
5166
7465
5205
2312
1752
2752
3926
5240
6665
6410
3514
327
-717
433
2112
2409
1308
-736
-3389
-5204
-4694
-2276
-775
-1922
-4209
-5203
-4652
-3815
-2613
-277
1997
1964
445
-81
1149
3381
4816
5865
6147
4644
3240
2580
3624
5066
4918
3775
1869
86
-483
-275
233
110
-1184
-2186
-3758
-4492
-4142
-3358
-2783
-4365
-5351
-5327
-5097
-5362
-5777
-5058
-4453
-5420
-6040
-5085
-4281
-4377
-5331
-3930
665
5910
7370
2614
-2803
-1316
6910
13724
13991
10398
7365
4820
3694
7016
13004
13915
6783
-280
-530
2406
1954
-639
-942
-476
-3325
-7604
-8332
-6460
-6384
-7596
-6259
-3759
-5501
-10433
-11356
-6446
-1354
-402
-1510
-2089
-2937
-3226
-259
5168
8067
5908
2632
1951
3071
4203
5480
7360
7306
3937
264
-682
1055
2432
1983
1129
-464
-3254
-5455
-5026
-2350
-951
-2479
-4485
-4999
-4600
-3864
-2577
-499
1415
1800
984
281
1305
3244
5079
6354
6078
5162
3471
2858
4221
5170
5236
3913
1870
411
-552
-232
617
-196
-1471
-3093
-4102
-4401
-4573
-3215
-3319
-4761
-6157
-6486
-5141
-4729
-5146
-5170
-5558
-6020
-5764
-4839
-3259
-3815
-5279
-4615
-163
6733
8806
3709
-2477
-1566
6710
13700
14040
11468
8323
5141
3569
6565
13293
14269
7234
149
-358
2530
2094
-810
-1007
-397
-3203
-7342
-8438
-6337
-6588
-8079
-6572
-3795
-5264
-10387
-11509
-6571
-1681
-1153
-1874
-2048
-2473
-3153
-994
4208
7234
5866
3217
2688
3293
3639
4676
7092
7783
4988
958
-486
1020
2081
2044
1265
-124
-2605
-5113
-4898
-2353
-1235
-2534
-4229
-4945
-4468
-3691
-2046
-125
803
950
894
1294
2023
3198
4694
5571
5561
4769
3899
3840
3984
4339
4341
3393
2131
410
-440
-98
-80
-668
-2019
-3265
-3930
-4677
-4289
-3589
-4239
-5397
-6575
-6297
-5371
-5510
-5474
-5710
-6359
-6449
-6164
-4991
-3982
-4577
-4902
-3002
2441
7883
6383
49
-2550
3239
11745
14016
11860
9921
7855
5349
5077
10509
15306
11283
3159
-401
2126
3722
677
-1186
-479
-1517
-5321
-8556
-7496
-6153
-7722
-7820
-5510
-4653
-8416
-12261
-9383
-3575
-1179
-2043
-3157
-3047
-3230
-2132
2172
5962
6101
3372
2095
3406
4316
4865
6024
7065
6241
2792
412
1275
2504
2634
1407
-28
-1549
-3856
-4578
-2866
-1369
-2116
-3843
-4763
-4587
-4005
-2539
-428
918
1041
305
371
1481
2924
4624
5667
5661
4828
3305
3224
4253
5046
5235
3788
2133
583
-355
222
752
523
-948
-3225
-4358
-4939
-4111
-2795
-3598
-4998
-6807
-7143
-6073
-5746
-5314
-5226
-5968
-6724
-7064
-6101
-4433
-4104
-4550
-4140
-259
5582
7190
2430
-2414
528
9160
14057
12686
10223
8650
6904
5373
8712
14662
14049
6381
348
1407
4365
3020
-200
-401
-695
-3629
-7293
-7605
-5897
-7065
-8191
-6791
-4660
-6702
-11273
-11109
-6174
-2349
-2109
-2975
-3231
-3448
-3430
-262
4306
5895
3966
1992
2484
3730
4344
5253
6618
6490
3915
979
864
2350
3007
2267
743
-726
-2920
-4570
-3350
-1198
-1232
-3025
-4617
-4391
-3650
-2792
-753
879
1044
15
-22
1593
3268
4462
4756
4828
4606
3832
3634
4004
4637
4902
3873
2527
1244
143
193
486
789
-161
-2289
-3732
-4717
-4185
-3048
-3040
-4375
-6427
-7209
-6330
-5832
-5804
-5671
-6045
-6461
-7054
-6661
-5598
-5386
-5613
-4592
-302
5432
6546
1118
-3638
-448
8914
14442
13042
10086
8113
6533
5727
9337
15384
15074
7263
1046
1485
4614
3862
983
746
48
-3001
-6855
-7410
-5696
-6484
-7658
-6533
-4985
-7053
-11344
-11421
-6453
-2860
-2602
-3410
-3859
-4058
-4097
-807
4103
5788
3668
1260
1543
3300
4607
5781
6785
6238
3565
684
621
2428
3667
2929
942
-810
-2961
-4541
-3524
-1172
-605
-2477
-4679
-4878
-3675
-2448
-930
771
1501
845
121
492
2599
4798
5518
5347
4436
3752
3250
3044
4217
5368
4932
2783
403
-209
218
713
971
41
-1506
-3599
-4821
-4031
-3126
-3096
-4386
-5972
-6737
-6819
-6516
-6106
-5967
-6233
-6640
-7019
-6997
-6705
-6002
-5449
-3584
1490
6105
4897
-1781
-4587
2401
11821
14252
11193
8888
7990
6204
5848
11336
16854
13774
5053
764
2992
4788
2820
1442
2222
169
-4963
-7947
-6060
-4416
-6138
-7325
-5755
-5270
-9011
-11888
-9193
-4011
-2462
-3622
-4295
-4086
-4059
-3224
934
4959
5054
2117
503
1830
3759
4888
5803
6677
5582
2316
-56
695
2723
3376
2163
659
-1080
-3769
-5040
-3210
-643
-601
-2871
-4687
-4459
-3297
-1873
39
1446
1321
582
382
1441
3497
4765
5492
5227
4124
3350
2952
3490
4430
4651
3950
2180
155
-489
-193
781
737
-574
-2233
-3897
-4168
-3719
-3102
-3413
-4605
-5777
-6501
-6626
-6241
-5738
-5682
-6148
-6704
-6791
-6989
-6607
-5821
-4389
-635
4115
5307
506
-4471
-1447
7867
13408
11791
8629
7477
6779
5790
8378
14067
14937
8618
2542
2164
4210
3493
1579
2317
2056
-1957
-6737
-7155
-4495
-4482
-5892
-5765
-4885
-7236
-10807
-10067
-5255
-2286
-2955
-4042
-4491
-4391
-4022
-697
3583
4646
2640
491
1096
2746
3836
4902
5813
5514
3452
909
524
1634
2256
2049
1242
85
-2416
-4856
-4188
-1425
-274
-1897
-4025
-4229
-3183
-2158
-700
1170
1873
920
79
928
3292
4792
5080
4928
4474
3809
2698
2821
4306
5021
4049
1906
435
289
-138
54
523
156
-1296
-3781
-4333
-3172
-2409
-3030
-4354
-5034
-5443
-6185
-6340
-5555
-4868
-5166
-6220
-6643
-6786
-6912
-6289
-4696
-1164
3455
4689
815
-4267
-2982
5458
12257
12037
8615
6527
5783
5572
7646
12981
14672
9580
3271
2098
4251
4067
2250
2197
2625
-473
-5155
-6807
-4697
-4137
-5043
-4859
-4140
-5879
-10278
-10635
-6346
-2253
-1986
-3334
-4383
-5092
-4800
-1848
2993
4873
3027
282
141
1782
3451
4864
5652
5537
3446
900
401
1711
2794
2351
1086
215
-1460
-4067
-4528
-2112
-57
-987
-3515
-4543
-3684
-2438
-1102
640
1984
1365
159
275
1954
4290
5081
5231
5152
4079
2650
1813
3089
5280
5346
3046
336
-811
-543
-75
712
633
-706
-3056
-5077
-4303
-2371
-1734
-2985
-4953
-5633
-5679
-6090
-5892
-4954
-4290
-4956
-6295
-6875
-6844
-6331
-5344
-2604
2357
5287
2620
-3401
-4951
1829
10398
12688
9814
6844
5077
4353
5612
10899
14921
11780
4556
1277
2880
4279
3101
2038
3001
956
-3436
-6652
-5449
-3613
-4349
-4742
-4124
-4331
-8312
-10889
-8504
-3426
-1352
-2201
-3639
-5156
-5481
-3951
1067
4800
4100
1020
-691
262
2272
4067
5633
6009
3949
1159
-143
1073
2657
2667
1799
839
-703
-3121
-4740
-3102
-563
-295
-1999
-3808
-3878
-3301
-2423
-258
2169
2606
1206
-90
519
2728
4429
5552
6072
5154
3046
1072
1393
3988
5665
4659
1839
-682
-1512
-1338
-79
1132
707
-1463
-4524
-5438
-3837
-1945
-1593
-3014
-4750
-5656
-6030
-5969
-4921
-3859
-3840
-5032
-6318
-6701
-6442
-5847
-4387
-859
3672
5035
793
-4825
-3857
4312
11544
11982
8608
5908
4273
3759
6411
12446
14841
9705
2826
991
3233
4290
3159
2890
2749
-366
-4552
-6133
-4148
-3051
-3880
-4278
-3900
-5245
-8714
-9676
-6610
-2734
-1731
-2446
-3974
-5454
-5494
-2565
2253
4304
2620
9
-581
586
2477
4412
5750
5177
2701
475
380
1824
2795
2606
1807
799
-1311
-3559
-3660
-1339
350
-676
-2700
-3805
-3599
-2412
-401
1646
2132
753
-462
277
2404
4179
4494
4419
4476
3724
2376
1703
2835
4288
4018
2452
933
-427
-1008
-949
132
972
-487
-2612
-4597
-4515
-2756
-1259
-1590
-3622
-5363
-5861
-5079
-4381
-3715
-3877
-4758
-5864
-6162
-5736
-5394
-4972
-4625
-2043
2000
4414
1699
-3679
-3652
3175
10436
11025
7889
5913
5097
4602
6111
11213
13960
9807
3101
1537
3954
4963
3003
1959
2592
421
-3410
-5813
-4011
-2671
-3864
-4689
-4397
-4875
-8007
-9471
-6934
-3063
-2357
-3345
-4476
-5200
-4984
-2870
1199
3073
1962
-249
-358
954
2388
3886
4807
4656
3233
1461
859
1667
2384
2866
2489
1218
-984
-3095
-3001
-733
676
-489
-2454
-3790
-3743
-2394
245
2230
1732
-248
-1137
482
2563
3905
4299
4082
3645
2720
1961
2192
3229
3824
3311
1895
552
-621
-903
-142
671
710
-1226
-3045
-3834
-3651
-2018
-880
-1580
-3736
-5727
-5630
-4109
-3343
-3408
-4210
-5347
-5936
-5869
-5455
-5253
-5089
-5018
-3167
1091
4197
2493
-3300
-4638
1993
9719
11053
7825
5910
5397
4958
5737
10704
14308
10708
3723
1483
4425
5864
3841
1926
2662
1143
-2752
-5296
-3862
-2164
-3721
-5209
-4925
-4583
-7424
-9509
-7556
-3662
-2733
-4110
-5024
-5282
-4728
-3474
1
2425
1790
-332
-776
735
2558
3668
4164
4767
3894
2082
937
1696
3030
3446
2630
1504
-52
-2425
-2902
-764
1148
247
-2225
-3778
-3577
-2682
-832
1800
2629
812
-1349
-1450
996
3955
4970
4721
3379
1910
1113
1526
3429
4690
4015
1660
-155
-806
-602
325
1284
1004
-708
-2947
-4011
-3163
-2071
-654
-935
-2872
-4847
-5802
-4741
-3472
-2788
-3257
-4601
-6019
-6373
-5601
-4653
-4580
-5083
-5042
-3245
1147
4129
2029
-2772
-3351
2862
9457
10044
7690
6576
6049
5468
6472
10952
13515
9342
3427
2539
5308
5923
2972
1395
1968
691
-2465
-4467
-3173
-3216
-5356
-6013
-4278
-3671
-7407
-9995
-7864
-3977
-3057
-4236
-4719
-4644
-4884
-3943
-287
2494
2084
-230
-582
1085
2418
3061
4038
5387
4512
1889
206
1479
3588
3885
2775
1353
-399
-2396
-2352
-2
1610
53
-2751
-3866
-2959
-1295
531
1984
1664
-451
-1878
-698
2345
4764
4548
3025
1606
1197
1618
2470
3738
3936
2574
640
-416
-197
306
778
1286
243
-1514
-2954
-3170
-1991
-1451
-850
-1286
-3273
-5156
-5599
-3986
-2535
-2833
-3897
-5235
-6390
-6535
-5705
-3896
-3667
-5394
-6657
-5522
-164
5069
4188
-1278
-4432
-165
7645
10568
9327
8037
6730
5378
5379
9426
13485
11213
5399
3040
4923
5614
2818
1034
2049
2028
-835
-4233
-4556
-4741
-6039
-5523
-3425
-2936
-7345
-11249
-9665
-5243
-2891
-3190
-4049
-5233
-6374
-5141
-572
2874
2715
330
-451
744
1721
3016
4733
6066
5156
2407
674
1657
3487
4112
3565
2385
687
-1574
-2500
-686
1333
773
-1531
-3323
-3166
-1680
102
1384
1319
-297
-1456
-692
1482
3782
3861
2594
1487
1219
1783
2248
2965
3389
2569
1228
358
336
765
767
975
508
-814
-1611
-1961
-1755
-1639
-1452
-1337
-2540
-4382
-5045
-4001
-2998
-3429
-4231
-4866
-5761
-6563
-6319
-4494
-3442
-4840
-6680
-6943
-4193
1320
5664
4335
-1556
-4597
408
8957
12360
10574
8291
6651
5255
5747
10079
13913
11354
5282
3108
4497
4411
1624
1076
3112
2137
-2521
-6611
-6046
-4927
-5566
-5250
-3641
-4478
-9339
-12512
-9669
-4089
-2560
-3916
-5194
-5795
-5817
-4403
-185
3357
3077
522
-292
1088
2701
3694
5063
6137
5288
2692
859
1980
3661
4173
3476
2241
488
-1898
-2823
-859
1213
546
-1764
-3347
-3244
-2223
-591
1072
1396
-305
-1578
-733
1268
2891
2977
2463
1917
1506
1407
1922
2676
3014
2511
1753
1290
715
365
454
1284
1428
328
-1220
-2072
-1928
-1579
-1050
-1583
-2691
-3983
-4664
-4069
-3578
-3579
-4317
-5396
-5929
-5560
-5223
-4889
-4788
-5158
-5324
-5835
-5461
-2594
2494
6295
3771
-2197
-3053
3489
11079
12624
10415
8797
6990
5089
5967
10983
14425
10927
4680
2279
3181
3453
1788
1686
2298
-332
-4636
-7345
-6055
-4973
-5804
-5812
-5126
-6337
-10226
-11975
-8815
-4154
-2733
-3618
-4959
-5761
-5600
-3211
1500
4551
4173
1525
66
964
3034
5107
6729
7008
5114
2121
535
2287
4690
4801
3079
1303
-377
-2146
-2455
-247
1516
9
-2775
-3693
-2771
-1983
-713
1318
1833
-159
-2201
-1770
1291
3520
3356
2460
1181
1047
1234
1576
2958
3683
3107
1537
352
747
1594
2118
1879
869
123
-1210
-1880
-1789
-1454
-425
-1689
-3846
-4675
-4669
-4132
-4413
-4904
-4517
-5071
-6281
-6215
-5684
-4860
-4587
-4542
-4447
-5335
-5916
-4218
1412
7359
7234
1150
-3284
310
9114
13863
12862
10388
7383
4867
4445
8963
14391
13100
5973
1063
1453
2692
1809
498
1069
-173
-4043
-7680
-7530
-6103
-6709
-6878
-6169
-5669
-8872
-11987
-10402
-5650
-2422
-2789
-4044
-4910
-4794
-2965
1199
4583
4991
2538
844
1715
3348
5303
6608
6936
5584
2860
1022
2113
4087
4608
3168
1215
-111
-1493
-2105
-1220
192
-449
-2333
-3329
-2875
-2073
-1279
-150
192
-483
-1612
-1210
629
2191
2553
1805
1126
1286
1791
1943
2480
3166
3409
2710
1673
1551
1873
2172
1860
1305
474
-661
-1298
-1536
-1321
-1419
-2470
-3980
-4552
-4237
-4027
-4619
-5556
-5732
-5681
-5361
-4971
-4878
-5503
-5717
-4865
-3709
-3244
-4209
-4374
-2057
3036
7777
6899
1483
-1444
2543
10284
13976
12554
9558
6425
4731
5549
9740
12843
9933
3867
531
892
1784
467
-734
-846
-2535
-5034
-7684
-7710
-7301
-7666
-6979
-6126
-5955
-8689
-10702
-8920
-4922
-2064
-1564
-2405
-3226
-3357
-1699
2181
4833
5237
3530
2312
2681
3498
4987
6039
6241
5196
3101
1864
2114
2839
3198
2387
1365
129
-1803
-2743
-1939
-510
-495
-2099
-3115
-3107
-2833
-2071
-848
546
62
-1512
-1514
254
2525
2656
1590
1451
1981
2513
2667
3267
4193
3879
2576
1776
2036
2605
2332
1805
1195
172
-841
-1930
-2101
-1753
-1900
-2568
-4125
-4956
-4900
-4972
-5166
-5331
-5023
-4876
-5453
-5753
-5386
-4840
-4004
-3267
-2582
-3017
-4179
-4047
-1400
4184
8867
7755
1625
-2045
1932
10327
14359
12397
9006
5839
3807
4215
8387
12288
10105
2997
-1106
-419
953
6
-1717
-1357
-2326
-5269
-8335
-8197
-6776
-6957
-6879
-5804
-5005
-7448
-9885
-8511
-3928
-901
-640
-1520
-2634
-2728
-1451
2336
5454
5863
3865
2106
2342
3463
4813
5658
6025
5251
3343
1353
1415
2470
2737
2001
810
44
-1463
-2821
-2583
-1506
-1392
-2363
-3042
-3240
-3176
-2571
-1459
-354
-285
-866
-597
444
1733
2271
2121
2288
2818
3333
3422
3585
3867
3466
2799
2465
2769
3120
2207
1011
134
-511
-703
-1251
-1836
-2129
-2669
-3545
-4609
-4946
-4378
-4264
-5015
-5694
-5521
-4929
-4754
-4727
-4301
-3710
-3307
-3252
-2952
-2439
-2482
-2543
-1638
1594
6301
8317
4807
-123
74
5969
11714
11897
9306
6992
4582
2997
4490
8747
10150
5580
-86
-1464
-198
-365
-2069
-1942
-1257
-2894
-6371
-8617
-7415
-6235
-5854
-4952
-3986
-5026
-8040
-8875
-5369
-904
383
-528
-1883
-2342
-1841
394
3940
5839
5140
2902
1632
1978
3269
4852
6046
5662
3832
1498
203
1099
2305
2656
1808
228
-1543
-3033
-3271
-2222
-1236
-1543
-2301
-3005
-3851
-4094
-2870
-552
1079
826
-130
-561
66
1535
3038
4111
4047
3329
2563
2589
3720
4480
4078
3051
2490
2320
1738
973
681
507
-244
-1230
-1621
-2184
-3168
-3645
-3631
-3125
-3620
-4675
-5067
-5363
-5009
-4305
-3676
-3387
-3912
-4378
-3660
-2560
-1740
-1513
-1786
-2019
-2497
-1861
573
4402
7472
6169
1660
-792
1909
7829
10881
9418
7091
4409
2286
2060
4915
8766
7590
2203
-1808
-1926
-663
-1076
-1229
-162
-1168
-4592
-7867
-7471
-4780
-4062
-3770
-3043
-3394
-5821
-8077
-6102
-1432
918
347
-934
-2004
-2478
-1409
2227
5754
5792
2846
363
425
2155
4000
5219
5365
3802
1411
-538
-331
1596
2715
2245
585
-1276
-2729
-3528
-2901
-947
-24
-874
-2560
-4028
-4070
-2729
-92
2125
2027
47
-1817
-1182
1348
3508
4296
3592
2635
2045
1556
2448
3951
4407
3748
2288
1408
943
550
817
1172
814
-565
-2054
-2874
-3196
-2523
-1706
-2050
-3240
-5018
-5601
-4727
-4081
-3111
-2628
-3416
-4285
-4917
-3981
-1936
-1139
-1229
-1774
-2413
-2879
-2823
-1133
1919
5294
6625
3683
-901
-2220
2387
9151
10747
7958
4483
1788
958
2256
6484
9669
6669
349
-3024
-1680
909
1104
406
-431
-2370
-5254
-7002
-4890
-2460
-2214
-3149
-3780
-3975
-5493
-6358
-3787
-96
1023
-448
-2473
-2906
-2014
280
3304
4673
3296
518
-437
670
2693
4230
4345
3501
1910
92
-461
665
2370
2989
1592
-501
-2022
-2677
-2181
-379
829
31
-1949
-3497
-3359
-2206
-747
988
1942
915
-947
-1883
-673
2144
4081
4188
2832
1256
867
1679
3279
4642
4587
2897
867
243
861
1773
2122
1439
366
-921
-2194
-2218
-1808
-1094
-641
-1855
-3269
-4578
-4741
-3571
-2608
-2071
-2476
-3809
-4704
-4464
-2951
-1247
-1122
-1785
-2884
-3164
-2796
-2633
-1800
-520
1661
4115
4112
720
-2158
-818
5050
9302
8254
5301
2497
1490
2149
5204
8854
8188
3112
-1221
-1158
1403
2208
969
125
-1276
-2898
-4520
-4177
-2433
-2654
-3298
-3314
-2590
-3448
-5679
-5614
-2884
-479
-349
-1651
-2778
-3017
-2257
458
2833
3025
1339
-627
-442
1013
2546
3640
3563
2668
1260
-207
130
1927
3197
2646
861
-368
-1113
-1493
-1000
396
999
-373
-2127
-2751
-2414
-1564
-542
611
1170
210
-1194
-1558
-193
1727
3225
3434
2115
863
396
1533
3377
4060
3602
2254
770
484
1200
2286
2433
1335
221
-693
-952
-1050
-632
-182
-911
-2135
-3342
-3846
-3538
-2929
-2528
-2565
-3677
-4772
-4744
-3857
-2560
-2274
-2807
-3450
-3830
-3556
-2870
-2680
-2796
-2428
-760
2559
4457
2571
-850
-1446
3044
8394
9293
6972
4276
3012
3297
5021
8179
9086
5662
1119
-404
1314
2442
1244
338
-298
-1549
-3424
-4587
-3511
-2871
-3275
-3460
-3245
-4115
-6086
-6553
-4309
-1628
-1414
-2560
-3339
-3262
-2575
-890
1255
2394
1659
276
287
1197
2276
2856
3434
3859
3003
1420
704
1670
3047
3119
2217
1213
-306
-1580
-1454
234
1309
-133
-2226
-3149
-2899
-2275
-1598
-399
314
-404
-1247
-1421
-490
1070
2026
2578
2333
1612
1226
1449
2871
4185
4224
3153
1756
1467
1998
2582
3049
2579
1423
351
-537
-545
-127
-83
-749
-2306
-3647
-4041
-3532
-3337
-3555
-3801
-4657
-5092
-5021
-4760
-3886
-3600
-3812
-3732
-3935
-3491
-2954
-3027
-3063
-2936
-1971
-185
2535
4826
4185
1177
-92
3078
8121
9445
7587
6312
5450
4846
4556
6282
8273
6629
2787
842
1264
1480
256
-765
-313
-794
-2717
-5052
-5108
-4272
-4414
-4223
-3960
-3658
-5502
-7352
-6061
-3023
-1467
-1942
-2770
-3009
-2479
-1392
904
2846
2843
1298
566
1180
2551
3738
3803
3901
3515
2195
1125
1468
2897
3638
2295
447
-474
-1147
-1421
-664
241
-545
-2701
-4268
-3812
-2387
-1502
-841
-372
-1013
-2083
-1850
-278
1820
2581
2100
2039
2078
2331
2746
3562
4618
4761
3967
2995
2617
2781
3189
3814
3821
2000
-20
-1260
-882
289
-105
-1067
-3111
-4988
-5351
-4726
-3727
-3812
-4994
-6028
-6323
-6092
-5237
-4494
-3794
-3693
-3927
-3931
-3802
-2876
-1936
-955
-322
-837
-1200
-714
966
4256
7035
6778
3654
1061
2527
7030
9503
8965
7262
5021
3014
2162
4252
6960
6493
2573
-782
-1357
-1000
-1377
-1647
-817
-1347
-3689
-6482
-6301
-4335
-3750
-3626
-3194
-3133
-5096
-6800
-5348
-1450
426
-485
-1696
-2027
-1607
-734
1516
3667
4073
2241
422
636
2089
3386
3773
3525
2848
1575
21
67
1541
2448
1685
-108
-1364
-2024
-2422
-1989
-850
-397
-1396
-2786
-3220
-2581
-1463
-409
464
761
442
205
485
1570
2992
4000
4363
3906
3170
2833
3360
4466
5169
4795
3592
2327
1544
1740
2132
2223
1330
-216
-1346
-2250
-2388
-2400
-2831
-3614
-4568
-5034
-5168
-5624
-5957
-5460
-4756
-4496
-4817
-5133
-4881
-4004
-2910
-1592
-828
-1253
-1676
-1279
20
1239
1275
745
778
1142
2345
4613
6649
6137
3067
1140
2848
6512
7621
6427
4965
3541
2209
1527
2757
4487
3685
580
-1513
-2011
-1567
-1856
-1992
-1474
-2017
-3434
-5060
-4660
-3628
-3081
-2597
-2176
-2432
-4002
-4855
-3333
-546
447
-85
-1148
-1635
-1221
-264
1574
2692
2422
1018
-73
247
1258
1926
1883
1512
1136
396
-564
-475
280
811
587
-259
-836
-1351
-1481
-852
-182
-12
-530
-1043
-1000
-660
-119
381
935
1444
1579
1570
2056
2956
3176
2908
2772
3305
3968
3589
2946
2756
2661
2411
1968
1507
1485
1022
107
-558
-799
-778
-1543
-2387
-2845
-2855
-3047
-3936
-4259
-4133
-4205
-4370
-4425
-4116
-3713
-3972
-3935
-3076
-2289
-1946
-1882
-1399
-667
-341
-264
188
749
774
584
656
680
678
952
1762
3142
4417
4471
2801
1045
1237
3970
6250
5853
4345
2790
1776
1329
1934
3575
4047
1921
-792
-1872
-1298
-726
-1075
-1131
-1395
-2203
-3595
-4341
-3370
-2690
-2401
-2100
-2103
-2870
-4275
-4358
-2262
-302
-10
-772
-1738
-1911
-1394
128
1696
2028
1202
-167
-375
192
978
1743
1747
1482
852
-164
-316
421
1137
1426
1027
673
182
-678
-622
598
1620
1220
-4
-688
-528
-7
638
1224
1395
783
166
713
2035
3059
3031
2177
1802
2007
2068
2416
2800
2815
1977
691
298
624
785
323
-240
-708
-1427
-2023
-2098
-1964
-1809
-2249
-2933
-3177
-3420
-3488
-3321
-2955
-2480
-2435
-3054
-3162
-2560
-1843
-1131
-654
-390
-517
-679
-381
596
1315
1233
862
500
250
238
286
434
1047
1201
1188
1792
2854
3127
1671
520
1686
4209
4800
3515
2620
2242
1775
1356
2139
3340
2632
65
-1461
-1031
-135
-203
-991
-1448
-2089
-2958
-3628
-3007
-2234
-2639
-3271
-3301
-2624
-2748
-3435
-3152
-1696
-660
-778
-1351
-1730
-1372
-371
832
1620
1515
554
-198
-184
890
2300
2539
1682
789
400
461
946
1761
2438
1975
750
-268
-401
231
1066
1701
1211
-37
-1165
-1470
-695
523
1444
1414
332
-866
-990
223
2041
2732
2028
825
55
612
1273
1793
2094
1517
878
56
-467
-108
156
176
-229
-1174
-1687
-2342
-2615
-1979
-1372
-1067
-2201
-3172
-2974
-2347
-1525
-1389
-1184
-1096
-1579
-1661
-1006
-10
619
274
94
401
363
353
407
1039
1415
877
373
58
36
11
-14
24
-311
-751
-709
-66
1066
2042
1748
236
-815
168
2583
3769
3060
1866
1023
728
994
1993
2807
2290
533
-791
-862
-382
-172
-470
-696
-1035
-1721
-2565
-2621
-1935
-1423
-1484
-1701
-1950
-2522
-2773
-2223
-840
-153
-461
-1120
-1606
-1146
-44
1314
1756
1027
192
-48
560
1542
2046
1974
1451
998
1002
1001
1372
1849
1701
1173
654
598
720
427
457
800
657
74
-615
-752
-544
-468
-421
-349
-413
-882
-1313
-1157
-442
143
144
-184
-155
41
-98
290
883
1155
1042
448
379
616
482
361
169
55
125
-66
-229
-433
-430
-297
-369
-144
-213
-499
-500
-362
162
316
-237
-480
-554
-334
91
18
-190
-611
-890
-651
-312
-48
-333
-1006
-1206
-1001
-658
-666
-1212
-1590
-1856
-1771
-1364
-1312
-1432
-1438
-838
542
1410
821
-397
-742
804
2981
3746
3064
1724
734
785
1963
3470
3760
2278
235
-596
64
1107
1356
810
-243
-1158
-1507
-1459
-884
-621
-986
-1403
-1624
-1786
-1984
-2044
-1476
-716
-521
-813
-1295
-1200
-737
215
1061
1041
735
241
291
915
1446
1853
1859
1457
1108
880
1016
1355
1454
1392
1069
453
-267
-549
-134
283
-86
-925
-1576
-1825
-1834
-1670
-1387
-1428
-1853
-2297
-2169
-1557
-997
-701
-572
-290
167
516
632
1055
1619
2206
2693
2685
2392
1808
1766
2408
2983
2870
1995
1091
694
791
1203
1271
527
-155
-783
-755
-381
-488
-864
-1602
-1787
-1551
-1446
-1809
-2145
-2138
-1924
-1548
-1385
-1513
-1831
-1737
-1241
-580
-438
-834
-1214
-1320
-950
-429
-375
-860
-1367
-1665
-1430
-1198
-1151
-1124
-1176
-681
459
1483
1199
-214
-807
593
2788
3713
3048
2087
1576
1512
2210
3366
4083
3465
1817
975
1335
1924
1893
1426
1073
634
-125
-799
-751
-545
-773
-1170
-1323
-1528
-2143
-2659
-2392
-1547
-1010
-1225
-1862
-2272
-2104
-1141
-174
220
-75
-801
-1048
-613
300
1038
1159
827
473
215
277
831
1376
1391
762
133
-101
-122
-31
248
502
272
-363
-827
-752
-334
-39
-75
-208
-377
-648
-904
-768
16
825
723
59
-44
655
1435
1739
1970
2130
1968
1648
1813
2594
2865
2320
1491
1090
1217
1210
742
244
-87
-416
-843
-1165
-1089
-1204
-1564
-1752
-1464
-1315
-1798
-2138
-1997
-1678
-1716
-1849
-1807
-1738
-1725
-1554
-1182
-1041
-1139
-1301
-1123
-764
-624
-595
-552
-378
-332
-585
-858
-919
-934
-961
-876
-822
-999
-1276
-896
490
2076
2326
929
-270
451
2763
4611
4694
3710
2704
2004
2154
3363
4570
4337
2520
863
561
1051
1207
766
296
-256
-1104
-1949
-2355
-2195
-2134
-2372
-2457
-2600
-3407
-4472
-4527
-3236
-1855
-1733
-2496
-3148
-3000
-2056
-708
487
821
366
-324
-309
665
1902
2564
2452
2105
1805
1587
1702
2366
2909
2687
1891
1193
915
784
816
1070
1037
372
-615
-1262
-1206
-881
-726
-859
-1154
-1472
-1647
-1453
-876
-398
-315
-278
-11
413
698
942
1332
1585
1614
1660
1817
2051
2044
1868
1705
1484
1265
898
458
122
-44
-231
-601
-1107
-1466
-1649
-1690
-1723
-1826
-1840
-1938
-1894
-1741
-1475
-1218
-1164
-1103
-870
-651
-567
-340
28
335
203
102
328
650
867
846
747
476
183
174
416
485
243
-240
-741
-1000
-1033
-845
-827
-1144
-1405
-1134
-25
951
662
-556
-1058
157
1922
2711
2309
1702
1201
975
1434
2468
3070
2309
944
271
705
1138
908
324
-60
-313
-821
-1307
-1441
-1283
-1584
-2033
-2160
-2166
-2543
-3139
-2971
-2084
-1396
-1532
-1894
-1868
-1369
-646
98
744
1039
998
865
1117
1758
2394
2664
2652
2609
2434
2078
1913
2257
2582
2270
1399
626
329
241
134
-39
-402
-1002
-1697
-2097
-2010
-1888
-2082
-2376
-2350
-2109
-2097
-2197
-1890
-1173
-684
-623
-585
-294
149
568
1089
1577
1712
1512
1476
1981
2501
2449
1976
1711
1838
1895
1526
1196
1073
806
371
-17
-18
-46
-478
-934
-921
-668
-726
-1114
-1304
-977
-694
-739
-871
-803
-671
-704
-662
-391
-236
-389
-531
-359
-34
-14
-166
-259
-293
-320
-454
-537
-556
-671
-834
-1055
-1310
-1540
-1758
-1805
-1740
-1814
-2061
-2073
-1316
-105
505
-24
-888
-741
716
2339
3046
2810
2158
1755
1875
2653
3652
3862
3022
1869
1366
1551
1704
1512
1164
648
-23
-837
-1366
-1367
-1289
-1316
-1545
-1944
-2531
-3061
-3038
-2332
-1539
-1354
-1733
-2166
-2099
-1364
-251
577
687
312
55
341
1027
1628
1885
1798
1488
1215
1107
1204
1409
1413
1127
677
185
-267
-497
-343
-91
-201
-825
-1516
-1799
-1607
-1137
-777
-761
-1085
-1383
-1248
-764
-196
174
324
478
701
955
1268
1715
2142
2304
2197
2171
2360
2522
2456
2263
2105
1878
1585
1266
904
469
76
-184
-322
-564
-1032
-1510
-1804
-1772
-1646
-1609
-1693
-1814
-1856
-1776
-1466
-1062
-878
-936
-947
-758
-405
-208
-220
-167
-35
217
417
430
377
213
30
70
290
391
100
-458
-734
-662
-525
-574
-912
-1300
-1606
-1605
-1332
-1149
-1145
-1203
-959
-93
860
1115
693
353
978
2258
3135
3278
2849
2267
1950
2200
2877
3202
2694
1675
912
666
636
368
-2
-394
-921
-1477
-2059
-2335
-2467
-2701
-2891
-2885
-2946
-3303
-3645
-3498
-2765
-2079
-1761
-1730
-1669
-1330
-657
257
1042
1375
1335
1286
1564
2189
2662
2769
2636
2449
2327
2187
2099
2091
1946
1590
1125
700
363
-2
-284
-453
-639
-924
-1337
-1690
-1756
-1656
-1576
-1525
-1553
-1508
-1401
-1241
-876
-476
-96
177
393
669
908
1136
1412
1714
1932
1975
1866
1821
1772
1659
1576
1450
1235
820
331
25
-117
-260
-524
-897
-1147
-1256
-1356
-1384
-1378
-1277
-1214
-1238
-1126
-930
-770
-668
-458
-151
102
195
284
448
568
659
754
951
1057
982
858
755
656
497
266
92
-20
-266
-625
-1023
-1309
-1456
-1598
-1772
-2012
-2243
-2407
-2484
-2469
-2362
-2027
-1371
-569
-94
-111
-343
-186
703
1871
2730
2858
2453
1990
2020
2563
3169
3389
2908
2109
1395
1115
1120
1145
893
281
-365
-988
-1319
-1470
-1565
-1696
-1839
-1976
-2218
-2427
-2545
-2311
-1841
-1422
-1228
-1248
-1240
-981
-408
192
649
805
742
739
935
1294
1564
1653
1583
1419
1207
1055
1070
1158
1101
796
406
54
-174
-288
-369
-463
-672
-952
-1189
-1244
-1138
-1054
-1039
-1047
-940
-729
-497
-285
-84
135
396
829
1298
1582
1649
1628
1798
2112
2347
2360
2207
1978
1776
1662
1496
1202
778
351
43
-105
-318
-691
-1097
-1387
-1418
-1429
-1560
-1741
-1815
-1739
-1528
-1304
-1205
-1193
-1161
-930
-575
-296
-211
-225
-143
61
260
380
418
438
446
400
341
281
161
-43
-222
-362
-455
-642
-914
-1155
-1291
-1352
-1438
-1462
-1475
-1440
-1394
-1331
-1272
-1138
-779
-113
716
1179
1132
816
829
1467
2421
3041
3041
2608
2090
1948
2174
2579
2637
2185
1470
824
442
200
35
-211
-590
-1134
-1675
-2134
-2426
-2505
-2561
-2575
-2626
-2776
-2966
-3044
-2831
-2374
-1957
-1711
-1525
-1302
-984
-541
15
557
936
1174
1330
1497
1736
1976
2225
2421
2460
2331
2057
1850
1854
1883
1745
1431
1033
663
339
138
42
-104
-317
-592
-838
-971
-1030
-926
-739
-627
-634
-719
-678
-329
153
515
629
569
612
776
1075
1363
1427
1290
1042
864
859
857
731
519
148
-137
-287
-406
-499
-671
-874
-1045
-1124
-1129
-1136
-1218
-1262
-1177
-984
-827
-808
-773
-691
-479
-162
24
67
49
39
227
526
775
907
794
669
696
798
874
801
640
460
188
-64
-218
-303
-340
-537
-863
-1158
-1374
-1440
-1408
-1362
-1327
-1370
-1465
-1570
-1605
-1329
-751
42
708
688
172
-153
280
1447
2432
2575
2109
1482
1207
1467
2000
2357
2112
1384
577
104
12
-26
-174
-459
-921
-1415
-1838
-2086
-2009
-1885
-1836
-1791
-1837
-2045
-2229
-2051
-1437
-724
-418
-478
-618
-449
125
838
1424
1620
1503
1333
1410
1769
2185
2311
2174
2005
1782
1502
1287
1224
1140
895
473
38
-285
-554
-716
-765
-864
-1060
-1246
-1401
-1415
-1271
-1107
-936
-782
-701
-623
-446
-92
382
706
715
644
769
1041
1376
1579
1527
1303
1083
996
1066
1162
1006
674
243
-120
-227
-228
-316
-491
-716
-1016
-1203
-1255
-1189
-1044
-982
-1015
-1058
-1094
-1084
-915
-658
-350
-133
-122
-194
-173
67
361
618
794
772
570
352
315
489
648
512
251
-14
-304
-544
-638
-569
-525
-662
-1050
-1383
-1464
-1344
-1130
-992
-1026
-1119
-1160
-1215
-1114
-817
-421
121
699
836
429
13
255
1198
2073
2240
1810
1257
860
1010
1549
1881
1663
1030
321
-60
40
173
85
-218
-567
-851
-1051
-1242
-1223
-1151
-1174
-1053
-1020
-1251
-1604
-1552
-1068
-508
-182
-249
-547
-636
-236
445
1048
1162
980
762
691
1005
1425
1576
1470
1284
1068
836
759
866
881
759
564
307
57
-98
-40
139
103
-67
-200
-340
-316
-115
101
159
53
-61
-124
-34
251
523
594
492
334
305
358
509
748
728
477
256
148
146
232
274
138
-152
-466
-556
-472
-392
-403
-558
-799
-968
-934
-869
-790
-679
-606
-651
-708
-664
-544
-330
-178
33
170
112
104
202
389
586
594
451
370
360
408
331
213
148
5
-134
-275
-354
-402
-569
-644
-621
-750
-858
-922
-904
-813
-845
-977
-1052
-970
-699
-384
-36
271
155
-152
-216
347
1160
1401
1201
960
790
759
963
1223
1303
983
484
157
91
138
-34
-240
-402
-576
-814
-1145
-1205
-1001
-1008
-1207
-1243
-1280
-1418
-1459
-1258
-853
-630
-696
-768
-568
-130
318
634
765
832
902
1004
1243
1611
1734
1516
1376
1388
1370
1282
1179
1114
989
743
515
372
256
148
92
32
-97
-296
-500
-563
-408
-238
-299
-392
-374
-280
-175
-54
107
189
177
179
302
472
556
542
520
484
448
412
301
226
174
52
-120
-267
-419
-559
-661
-736
-746
-814
-962
-1104
-1093
-936
-773
-728
-764
-708
-539
-306
-41
195
306
321
402
615
835
942
906
838
804
753
687
643
582
453
274
94
-17
-169
-384
-550
-669
-777
-911
-1072
-1165
-1223
-1263
-1268
-1313
-1320
-1281
-1160
-832
-389
-230
-448
-659
-398
198
665
857
779
636
512
595
899
1114
1077
847
509
357
431
421
284
125
56
-135
-379
-487
-488
-510
-564
-540
-575
-744
-912
-816
-600
-414
-279
-309
-425
-320
19
325
491
540
518
483
634
885
1021
972
912
892
839
745
758
798
655
561
495
320
108
13
-1
1
-11
-107
-273
-388
-287
-111
-32
-71
-74
-37
-15
143
398
473
409
374
378
453
575
639
598
479
404
395
352
319
284
243
121
-6
-62
-144
-187
-180
-160
-222
-311
-414
-470
-448
-378
-332
-377
-408
-393
-303
-159
-4
69
77
48
78
175
257
330
320
201
46
-28
-24
-12
-88
-166
-264
-351
-413
-488
-486
-462
-478
-543
-627
-725
-760
-745
-678
-635
-659
-787
-937
-915
-751
-578
-537
-595
-648
-596
-459
-221
28
75
-19
-51
29
164
303
374
344
285
223
191
230
265
305
311
289
242
196
110
123
294
348
232
93
47
2
27
88
111
13
-171
-265
-250
-167
-138
-169
-234
-245
-198
-179
-211
-112
17
24
32
71
115
138
202
329
444
465
456
458
539
662
779
825
802
827
857
853
867
927
892
811
781
767
685
575
484
422
375
288
237
153
63
12
7
-14
-70
-91
-126
-149
-131
-148
-183
-174
-157
-147
-165
-197
-235
-268
-295
-276
-230
-232
-275
-297
-303
-340
-309
-254
-220
-195
-203
-221
-231
-235
-202
-162
-151
-174
-223
-278
-314
-267
-199
-165
-163
-159
-191
-223
-184
-123
-77
-73
-121
-193
-263
-319
-324
-316
-309
-337
-425
-536
-565
-541
-517
-486
-456
-456
-541
-539
-483
-376
-290
-267
-251
-274
-262
-207
-106
-30
56
80
74
92
172
249
293
343
345
343
306
306
309
321
303
267
212
152
123
85
83
74
71
3
-51
-64
-61
-45
-24
2
-12
-15
17
81
126
173
210
235
252
313
397
452
503
530
528
540
577
621
660
668
658
615
567
556
568
555
511
446
397
322
277
267
246
216
146
73
15
21
16
14
3
-17
-52
-96
-123
-107
-99
-161
-188
-204
-182
-187
-159
-145
-151
-172
-224
-217
-195
-145
-150
-160
-200
-206
-240
-291
-263
-242
-260
-326
-359
-369
-350
-330
-293
-252
-234
-272
-281
-235
-172
-101
-101
-125
-122
-124
-161
-151
-140
-151
-203
-252
-280
-300
-310
-357
-349
-336
-351
-380
-410
-420
-410
-407
-425
-433
-427
-463
-480
-435
-396
-358
-333
-285
-218
-141
-81
-9
76
154
233
301
369
406
455
472
510
546
537
514
505
494
461
438
390
353
296
249
203
182
147
91
52
-6
-40
-79
-96
-103
-81
-87
-87
-55
-4
62
116
196
252
309
340
405
481
539
576
597
617
616
622
626
652
658
658
609
565
537
491
439
365
311
217
122
43
-14
-77
-163
-242
-294
-323
-349
-349
-349
-338
-328
-312
-276
-231
-185
-164
-159
-142
-103
-79
-48
-8
14
-4
-31
-26
-16
3
8
13
1
-38
-63
-76
-80
-101
-127
-194
-254
-286
-320
-346
-355
-358
-400
-428
-432
-405
-375
-353
-315
-283
-263
-249
-219
-193
-168
-146
-138
-140
-125
-118
-140
-161
-165
-171
-193
-198
-203
-218
-266
-311
-317
-303
-294
-303
-312
-330
-347
-345
-305
-239
-181
-158
-150
-136
-100
-43
24
93
153
182
179
194
243
307
344
360
360
346
320
312
337
360
357
316
276
226
200
184
164
145
115
76
31
18
26
34
22
34
59
84
114
162
207
235
272
299
330
347
361
354
338
331
333
335
315
306
285
246
194
175
155
127
119
88
33
-33
-61
-81
-92
-104
-135
-173
-223
-234
-218
-180
-157
-134
-119
-117
-79
-22
23
56
101
111
98
113
139
148
147
138
115
91
53
32
9
-25
-62
-117
-178
-230
-243
-267
-293
-304
-314
-346
-369
-353
-332
-310
-302
-280
-271
-258
-233
-212
-193
-176
-159
-163
-135
-99
-74
-77
-56
-25
-7
3
-1
14
-10
-34
-45
-56
-77
-91
-115
-168
-182
-192
-198
-197
-163
-131
-124
-112
-91
-39
2
52
107
145
155
166
185
198
237
266
268
256
262
259
257
270
287
288
262
236
207
185
156
137
109
55
2
-47
-103
-143
-141
-147
-151
-141
-131
-124
-105
-59
-5
50
92
126
150
159
181
212
226
240
245
239
222
218
234
249
267
272
268
257
241
225
220
215
202
181
146
115
80
55
38
23
11
-3
-20
-43
-37
-20
-4
18
21
25
24
15
14
19
13
-8
-26
-68
-98
-108
-124
-137
-133
-133
-154
-166
-173
-178
-192
-199
-205
-232
-255
-266
-263
-254
-232
-203
-185
-185
-163
-130
-110
-74
-26
-3
-10
-2
12
5
1
20
13
3
-8
-21
-38
-72
-78
-94
-124
-146
-150
-164
-182
-179
-171
-190
-202
-189
-203
-210
-206
-191
-191
-177
-136
-116
-97
-62
-17
12
43
81
110
116
128
147
139
123
113
101
64
53
53
24
-6
-12
-28
-52
-63
-66
-71
-96
-104
-111
-119
-124
-109
-92
-102
-79
-55
-47
-21
25
60
94
132
178
217
245
287
319
340
352
360
356
344
351
340
314
291
271
238
200
172
144
113
87
73
42
1
-33
-60
-85
-98
-93
-103
-119
-123
-108
-92
-74
-40
-17
-9
-1
23
43
72
89
99
97
89
94
77
71
71
76
73
65
56
51
31
20
22
13
8
-20
-26
-42
-47
-46
-58
-61
-73
-80
-85
-91
-94
-77
-76
-61
-57
-51
-43
-59
-39
-40
-28
-25
-28
-30
-49
-66
-84
-101
-121
-134
-159
-181
-207
-213
-233
-249
-254
-271
-279
-287
-280
-267
-248
-220
-192
-172
-137
-100
-57
-14
29
81
106
141
175
201
215
222
232
231
224
228
216
185
174
146
118
91
67
52
17
-7
-33
-53
-74
-94
-97
-104
-114
-113
-114
-116
-114
-103
-94
-79
-51
-28
-6
25
53
77
103
120
149
173
193
213
227
235
235
226
208
197
194
189
173
171
147
114
80
45
32
9
1
-7
-23
-33
-44
-49
-38
-36
-21
-13
-15
10
20
34
44
59
74
85
94
109
117
117
116
105
96
73
58
26
8
-9
-36
-54
-91
-111
-135
-149
-156
-159
-161
-165
-176
-193
-195
-192
-178
-166
-144
-135
-134
-131
-128
-111
-88
-68
-52
-45
-48
-44
-45
-34
-26
-17
-11
-19
-25
-36
-42
-51
-54
-59
-65
-77
-92
-96
-98
-91
-91
-89
-95
-95
-91
-82
-67
-64
-57
-59
-55
-36
-19
2
20
36
43
48
58
67
82
85
80
76
67
56
47
34
23
4
-20
-31
-40
-45
-46
-49
-49
-45
-40
-26
-11
13
42
65
86
99
126
146
173
198
211
232
239
250
255
259
261
259
256
252
232
212
201
178
169
140
117
97
72
54
38
31
20
7
-8
-21
-27
-26
-39
-42
-47
-50
-50
-53
-47
-44
-40
-42
-43
-36
-19
-13
-9
-7
-5
-2
-6
-6
-4
3
0
-4
-15
-24
-36
-54
-69
-77
-79
-85
-90
-101
-99
-106
-110
-108
-98
-87
-90
-96
-101
-99
-86
-84
-85
-78
-78
-76
-77
-72
-65
-65
-72
-87
-98
-109
-123
-141
-150
-158
-168
-183
-196
-204
-208
-206
-202
-191
-175
-161
-147
-131
-107
-82
-58
-36
-20
8
32
49
67
82
86
86
89
100
114
120
128
123
118
112
102
103
99
103
92
74
60
47
42
36
35
36
29
21
16
16
19
20
26
32
32
38
45
50
59
66
73
85
94
103
109
110
109
107
105
95
97
94
91
93
83
77
68
62
57
57
59
60
55
52
49
44
53
55
65
64
63
63
70
82
87
93
90
85
81
81
81
90
91
84
72
58
51
34
18
-1
-13
-24
-40
-56
-70
-79
-90
-107
-113
-109
-103
-101
-109
-117
-121
-126
-132
-131
-127
-118
-111
-110
-108
-102
-100
-100
-91
-77
-66
-61
-61
-64
-63
-63
-59
-50
-42
-35
-40
-47
-54
-52
-46
-39
-31
-21
-9
3
10
14
17
17
20
19
23
19
8
2
-6
-5
-7
-7
-5
-2
1
3
2
1
0
-5
-8
-16
-24
-32
-35
-38
-41
-41
-43
-41
-38
-32
-21
-12
2
20
29
40
44
51
60
63
69
76
83
84
82
82
86
87
91
96
106
113
121
128
130
132
127
120
108
103
89
77
60
49
45
43
45
42
48
51
58
61
60
61
60
59
59
55
45
40
28
18
9
1
-5
-11
-10
-18
-22
-26
-32
-27
-25
-23
-22
-24
-24
-27
-40
-51
-62
-70
-74
-77
-77
-77
-76
-72
-67
-60
-55
-52
-44
-40
-35
-37
-38
-41
-44
-46
-49
-48
-49
-49
-51
-53
-54
-55
-54
-52
-51
-48
-41
-39
-33
-35
-37
-37
-43
-53
-63
-71
-79
-81
-83
-86
-90
-89
-86
-78
-69
-65
-60
-57
-46
-30
-26
-25
-24
-24
-19
-16
-15
-12
-12
-8
-2
1
5
11
15
18
23
29
34
44
53
60
69
65
59
57
56
55
53
50
43
46
41
38
40
40
49
52
52
55
59
59
57
54
48
44
37
30
28
34
33
34
35
31
36
36
33
32
32
36
41
45
49
54
50
47
42
35
27
19
12
8
12
8
10
9
8
9
11
4
-1
-3
-8
-9
-10
-13
-22
-28
-34
-33
-32
-31
-28
-27
-23
-23
-20
-22
-20
-24
-26
-23
-19
-10
-8
-11
-20
-18
-22
-26
-26
-22
-18
-15
-10
-7
-4
-3
-7
-10
-14
-16
-20
-25
-26
-23
-24
-24
-23
-18
-12
-7
-7
-7
-1
4
7
4
2
1
6
10
9
8
5
5
0
-1
-2
-2
-2
1
6
11
16
11
6
1
-3
-6
-13
-19
-19
-18
-19
-15
-10
-5
2
7
14
26
33
36
35
34
35
34
33
26
29
31
35
39
37
37
37
40
39
40
39
36
34
34
31
26
25
20
17
12
3
-1
-8
-7
-12
-17
-18
-16
-14
-13
-9
-12
-10
-6
-9
-6
-8
-6
-5
-4
4
4
5
3
0
-2
-6
-7
-11
-13
-15
-18
-21
-27
-32
-37
-40
-44
-38
-36
-34
-33
-40
-42
-50
-55
-70
-83
-84
-84
-74
-65
-58
-49
-44
-38
-37
-39
-36
-34
-27
-17
-17
-15
-19
-22
-28
-35
-37
-42
-36
-27
-18
-9
-9
-4
-4
-2
4
3
13
18
28
31
24
20
7
-1
-5
-4
0
5
16
24
34
38
41
42
45
51
55
58
57
62
56
48
42
27
21
14
11
16
25
36
41
48
51
50
51
50
54
55
54
56
50
44
40
37
35
33
32
33
38
44
50
55
55
50
48
44
43
41
37
40
39
39
33
26
22
12
14
11
11
15
17
22
23
27
25
21
14
3
-9
-21
-28
-35
-42
-48
-45
-48
-45
-39
-36
-35
-35
-34
-32
-35
-37
-43
-45
-45
-53
-55
-60
-59
-53
-49
-40
-38
-32
-27
-25
-22
-23
-18
-20
-17
-17
-21
-24
-27
-29
-38
-42
-47
-45
-42
-37
-35
-32
-30
-22
-13
-13
-13
-15
-20
-23
-29
-32
-35
-37
-34
-34
-29
-27
-25
-19
-16
-15
-16
-12
-11
-9
-7
-7
-8
-12
-13
-15
-11
-11
-9
-7
-5
-5
-4
1
5
8
8
9
13
13
19
22
27
34
33
37
39
39
37
37
39
44
48
46
47
47
48
48
46
42
36
32
29
30
30
30
33
28
25
27
21
19
19
15
12
10
9
12
17
17
16
14
9
8
5
6
5
4
2
3
5
1
-3
-3
-3
0
7
8
11
10
4
0
-6
-7
-14
-13
-14
-15
-13
-13
-11
-13
-17
-18
-17
-14
-10
-4
-1
4
3
0
-2
-9
-12
-18
-17
-15
-14
-9
-10
-12
-14
-16
-20
-20
-15
-11
-5
-4
-4
-2
-4
-7
-10
-18
-20
-23
-25
-21
-22
-24
-27
-30
-31
-32
-25
-22
-14
-9
-9
-4
-8
-5
-7
-10
-9
-12
-8
-9
-4
-2
-4
0
-1
3
4
5
8
9
16
17
23
24
22
20
15
13
6
10
9
12
16
15
17
18
23
22
20
21
24
24
26
26
25
23
22
21
20
20
21
23
22
23
24
26
28
28
26
28
30
30
28
28
23
20
19
16
16
10
6
3
2
2
-1
3
-2
-3
-2
-2
-2
-4
-10
-6
-10
-8
-12
-18
-18
-26
-23
-27
-23
-23
-23
-22
-21
-16
-19
-20
-21
-24
-25
-25
-24
-23
-29
-29
-31
-28
-23
-17
-16
-14
-14
-17
-11
-12
-8
-4
0
3
1
1
0
-2
-7
-11
-8
-6
-2
3
-2
1
2
2
3
3
4
5
6
5
6
2
-6
-15
-20
-14
-13
-15
-16
-13
-15
-13
-9
-13
-10
-10
-12
-9
-11
-7
-9
-6
-5
-3
0
2
8
6
10
14
14
20
19
25
24
21
24
19
22
23
23
21
21
22
22
19
19
21
22
24
23
21
18
18
20
19
21
17
13
14
12
15
16
11
8
7
11
10
9
9
5
6
6
4
4
2
4
5
3
0
-2
-4
-4
-6
-5
-8
-12
-13
-16
-10
-9
-3
0
4
8
5
2
3
6
8
3
1
3
3
6
3
2
-1
-1
-1
-2
2
1
-1
-1
0
-1
-2
-6
-6
-8
-8
-8
-11
-12
-16
-15
-18
-24
-25
-24
-21
-17
-16
-14
-13
-14
-17
-18
-14
-14
-15
-16
-17
-17
-19
-17
-18
-21
-22
-26
-25
-22
-23
-23
-20
-20
-17
-17
-13
-10
-10
-5
-5
-2
-5
-2
-2
-3
2
2
2
7
5
7
10
13
16
16
15
13
15
19
17
18
15
11
10
6
4
1
0
-1
-3
-2
-4
-3
-8
-8
-9
-7
-4
1
1
2
5
0
-2
-5
-4
-5
-5
-1
-1
-2
-1
-5
-3
-5
-7
-2
-6
-2
-4
-4
-2
-6
-7
-8
-4
-1
5
5
6
5
4
6
1
1
2
4
4
3
2
1
0
-1
-3
-5
-8
-4
-4
-2
-2
-2
-4
-8
-8
-12
-12
-10
-9
-9
-14
-17
-18
-16
-14
-13
-12
-9
-9
-8
-4
-5
-1
-3
-5
-3
-1
0
1
3
3
0
4
3
1
3
3
6
8
9
9
6
12
11
9
12
9
9
9
6
10
6
4
6
6
8
9
12
12
9
8
6
7
8
9
11
9
10
8
7
5
5
7
3
8
10
10
12
9
9
10
11
12
12
12
14
19
20
19
20
19
18
22
20
24
25
26
30
27
27
29
28
30
27
28
30
27
25
24
25
22
20
21
19
22
20
21
22
17
16
14
13
14
13
13
12
14
12
11
10
5
5
4
5
7
5
8
7
6
3
6
7
5
3
2
2
-1
-4
-3
-3
-5
-5
-8
-9
-7
-6
-7
-7
-4
-2
-1
1
1
3
0
-2
0
-2
-6
-7
-8
-7
-13
-15
-17
-21
-23
-24
-22
-26
-21
-22
-25
-24
-28
-24
-25
-27
-30
-33
-29
-32
-32
-29
-28
-27
-28
-29
-23
-24
-22
-19
-20
-20
-19
-18
-21
-20
-19
-19
-17
-15
-15
-13
-16
-14
-14
-14
-15
-16
-14
-13
-12
-13
-12
-10
-9
-7
-5
-5
-1
-3
-1
-4
-2
3
3
5
-2
1
-2
-3
-3
-4
-1
0
1
-4
-4
-9
-7
-6
-5
-2
-4
-1
0
2
1
5
5
3
6
5
4
8
10
14
15
17
12
14
14
14
20
21
24
22
22
19
19
21
17
18
14
15
19
14
12
10
2
3
-5
-9
-5
5
12
7
0
-9
-7
-4
-4
-7
-8
-3
0
3
-5
-5
-10
-8
-4
-7
-8
-5
-1
-1
-5
-10
-11
-9
-7
-8
-11
-9
-8
-13
-14
-14
-14
-14
-14
-12
-12
-9
-8
-7
-9
-8
-4
-2
0
0
3
4
10
11
8
7
8
8
9
10
6
3
4
0
-3
-9
-8
-6
-6
-4
-10
-11
-11
-13
-12
-12
-14
-13
-8
-7
-6
-6
-5
-7
-6
-8
-9
-2
1
3
8
11
8
9
11
10
13
15
17
18
22
21
21
19
14
13
12
14
17
18
20
20
17
16
14
11
14
13
13
14
15
15
15
14
16
14
14
14
16
17
14
15
14
14
11
9
10
5
5
4
3
4
1
2
1
-1
-2
-8
-9
-10
-9
-10
-10
-11
-13
-12
-12
-10
-12
-11
-6
-3
-3
-2
-2
2
3
6
10
9
10
8
11
12
13
12
9
8
6
5
3
0
-6
-9
-12
-13
-16
-19
-15
-19
-18
-20
-22
-21
-24
-25
-24
-23
-25
-25
-25
-24
-24
-23
-19
-19
-19
-18
-15
-12
-11
-12
-11
-10
-11
-11
-9
-11
-8
-7
-8
-10
-9
-6
-6
-6
-8
-7
-3
-2
2
2
3
7
10
12
13
16
17
20
19
20
19
16
15
12
12
9
9
6
6
6
1
2
0
1
-1
-2
-2
-3
-5
-9
-4
-5
-6
-4
-5
-2
3
2
3
5
5
4
6
10
10
13
11
12
14
15
12
13
13
12
14
13
13
13
13
11
7
6
6
6
4
4
3
2
6
5
3
6
7
7
7
8
8
7
6
4
4
2
0
-2
-4
-5
-9
-8
-11
-13
-17
-20
-20
-22
-23
-23
-25
-24
-22
-24
-24
-26
-25
-23
-24
-24
-25
-25
-24
-23
-22
-17
-15
-14
-12
-9
-6
-9
-3
-5
-4
-4
-4
-5
-5
-4
-5
-5
-4
-1
-2
-2
1
1
1
0
0
2
3
2
0
0
2
3
5
4
2
6
8
9
6
5
2
-1
-3
-4
-3
-3
-1
-5
-4
-5
-1
-4
-3
-3
-6
-5
-4
-1
0
4
4
3
6
5
8
8
10
14
14
15
17
19
18
19
20
19
20
22
24
25
22
20
20
19
20
18
17
17
14
13
13
10
7
7
6
7
6
8
3
5
5
2
3
2
1
1
-2
-5
-8
-8
-9
-9
-9
-11
-12
-11
-10
-12
-14
-11
-12
-10
-8
-9
-6
-6
-2
-1
1
4
5
7
7
11
11
12
11
10
11
9
9
10
11
11
12
13
15
14
11
10
13
13
12
10
7
7
6
5
1
2
0
-1
-4
-5
-3
-2
0
-2
-4
-5
-3
-2
-1
-1
1
2
1
2
1
4
4
5
6
3
3
3
5
5
9
10
9
14
15
16
15
17
18
21
23
22
24
25
24
22
21
19
17
16
15
17
17
16
13
9
9
9
5
8
4
1
0
-2
-3
-4
-5
-6
-7
-8
-10
-12
-11
-13
-13
-12
-9
-8
-6
-7
-10
-9
-10
-9
-11
-12
-13
-14
-14
-16
-15
-17
-16
-16
-17
-15
-13
-13
-11
-8
-6
-5
-6
-10
-10
-9
-8
-8
-9
-8
-7
-8
-7
-8
-11
-11
-16
-14
-12
-13
-13
-15
-16
-18
-17
-17
-18
-19
-20
-20
-20
-18
-18
-20
-20
-21
-22
-24
-24
-23
-20
-17
-19
-18
-17
-14
-11
-10
-9
-10
-7
-7
-6
-5
-4
-3
-5
-6
-3
-5
-7
-7
-9
-7
-5
-7
-5
-4
-2
-2
-2
-7
-8
-5
-5
-4
-2
0
-2
-3
-6
-6
-8
-8
-6
-10
-6
-7
-6
-4
-6
-5
-3
-3
-4
-3
-5
-2
0
2
0
-3
-2
-1
-3
1
5
8
9
10
9
11
10
8
8
7
7
8
8
8
10
9
10
8
8
7
6
8
9
10
8
7
5
5
6
4
5
4
2
4
7
9
7
6
5
6
7
6
9
8
9
9
11
10
12
15
13
17
15
16
14
17
17
16
17
16
18
18
16
18
18
20
20
19
17
18
18
21
22
19
18
19
19
20
22
21
19
18
18
16
16
14
14
14
16
13
9
7
5
6
4
7
6
4
8
5
5
5
6
7
6
7
6
5
6
6
7
9
6
3
7
5
6
8
9
8
5
7
6
7
8
6
7
4
5
2
2
0
-5
-5
-7
-5
-6
-6
-6
-7
-8
-9
-10
-12
-11
-9
-7
-7
-8
-6
-5
-6
-3
-5
-7
-5
-7
-9
-8
-7
-10
-10
-13
-15
-14
-16
-15
-14
-16
-14
-13
-11
-10
-11
-12
-11
-10
-12
-11
-10
-12
-12
-10
-9
-11
-10
-11
-9
-12
-8
-9
-10
-9
-8
-7
-10
-8
-13
-12
-13
-16
-14
-17
-15
-16
-17
-19
-22
-21
-21
-19
-17
-14
-10
-10
-8
-8
-7
-8
-4
-4
-3
-2
-6
-1
-6
-5
-6
-8
-5
-10
-6
-10
-10
-9
-7
-2
-7
-5
-5
-4
0
-1
2
-2
1
0
0
2
-3
-1
-3
-5
-4
-5
-6
-7
-5
-7
-4
-4
-3
-3
0
0
-2
0
0
2
2
1
-2
-2
-4
-7
-8
-7
-7
-6
-7
-7
-8
-5
-4
-3
-2
-3
-2
-2
0
2
3
1
1
1
1
0
0
-1
-2
-5
-8
-7
-6
-6
-9
-9
-8
-11
-12
-13
-9
-11
-9
-7
-9
-6
-4
-2
1
0
4
6
7
7
7
7
6
5
7
9
8
8
9
7
6
7
8
8
10
10
8
8
8
11
9
9
12
12
15
14
15
14
14
10
8
10
5
8
6
4
2
-1
2
-1
2
3
3
5
5
5
4
6
8
10
11
8
11
11
12
13
11
13
11
13
15
13
15
11
10
13
11
10
11
12
12
11
14
11
10
12
11
9
14
13
14
15
14
16
13
11
6
7
8
4
6
5
5
5
3
3
0
2
1
-2
-1
-1
1
-2
0
2
0
2
0
3
5
7
8
9
6
4
5
4
3
2
5
2
0
1
-1
-3
-3
-6
-3
-4
-2
-2
-1
-2
-3
-2
-1
-1
-4
-2
-4
-3
-2
-3
-3
-4
-2
-4
-2
0
-2
2
-2
-2
2
-3
-1
-4
-2
-3
-1
-1
-4
-2
-1
1
1
1
2
4
2
6
5
5
3
1
2
0
2
1
1
0
-3
2
0
0
3
-3
2
-2
-2
-1
-3
3
-1
0
-3
-4
0
-2
-3
-4
-4
-6
-3
-7
-6
-6
-6
-3
-8
-5
-4
-3
0
2
0
-3
-3
-3
-2
-1
-3
-5
-4
-4
-5
-5
-4
-6
-4
-6
-3
-5
-4
-1
-2
-1
-4
-5
-7
-4
-4
-2
-2
-3
-2
-5
-4
-5
-5
-4
-9
-6
-6
-6
-4
-5
-3
-4
-4
-3
-5
-4
-3
-4
-5
-5
-5
-6
-3
-3
-6
-7
-7
-7
-8
-7
-7
-6
-10
-8
-6
-6
-5
-4
-2
-5
-3
-3
-5
-1
-4
-2
-3
-4
-2
-7
-5
-7
-6
-4
-6
-3
-2
-1
-3
-1
-2
0
-1
-4
-3
-5
-1
-2
-3
-3
-4
-4
-6
-5
-6
-8
-8
-8
-5
-9
-7
-7
-7
-3
-6
-5
-6
-6
-9
-11
-8
-9
-10
-12
-13
-11
-12
-10
-8
-9
-11
-12
-9
-8
-9
-8
-8
-7
-6
-4
-3
-5
-3
-5
-3
-5
-4
-5
-8
-5
-7
-5
-5
-6
-4
-4
-3
0
0
1
1
0
-1
-2
-1
-2
2
0
2
3
3
3
7
4
3
5
6
8
7
9
8
9
11
13
12
11
9
11
14
13
14
14
15
12
15
13
11
12
11
12
10
11
9
10
9
11
11
9
8
4
7
6
6
7
9
9
10
14
14
16
16
16
14
12
11
8
10
10
10
11
11
9
9
7
9
7
6
6
6
6
8
9
10
10
9
14
12
14
15
14
18
20
18
18
17
18
17
15
20
20
19
18
19
18
15
15
15
13
13
10
11
12
9
10
5
7
8
7
7
6
8
6
6
8
7
8
7
7
8
6
9
10
9
9
8
6
5
4
6
4
-1
-2
-1
-3
-3
-5
-8
-7
-8
-6
-8
-6
-6
-6
-3
-4
-2
-4
-1
-2
-2
0
-2
-2
-3
-6
-6
-8
-8
-10
-8
-6
-12
-9
-10
-12
-11
-11
-10
-11
-11
-12
-12
-12
-12
-12
-10
-11
-12
-12
-14
-13
-12
-12
-14
-15
-14
-17
-16
-15
-17
-15
-19
-15
-17
-16
-13
-13
-12
-19
-16
-17
-16
-15
-16
-15
-16
-18
-17
-19
-17
-14
-13
-14
-14
-16
-14
-11
-12
-8
-10
-11
-9
-10
-7
-10
-10
-11
-9
-11
-10
-10
-11
-9
-9
-9
-8
-8
-7
-9
-7
-5
-6
-6
-7
-7
-8
-8
-11
-11
-13
-11
-11
-12
-9
-11
-9
-11
-12
-7
-7
-6
-6
-3
-2
-2
-1
-1
-3
1
2
2
4
3
3
4
4
5
5
4
6
5
3
4
6
8
9
7
10
9
7
8
6
8
7
4
5
4
3
6
5
8
8
6
9
9
9
10
13
13
12
13
10
11
13
13
15
12
13
12
13
16
12
14
12
14
13
13
14
12
15
14
14
13
12
16
12
13
13
12
12
9
9
7
8
5
6
7
6
8
4
7
6
5
7
9
9
6
6
3
3
3
3
3
1
2
2
0
2
4
5
3
4
4
2
6
4
5
4
5
4
1
0
0
1
-1
-1
1
0
-1
0
2
-1
0
-2
-3
-2
-4
-1
-4
-4
-2
-4
-3
-1
0
0
-2
-3
-3
0
-1
2
0
0
0
2
5
2
4
3
2
5
6
8
10
6
8
7
7
5
5
4
0
2
-1
-2
-4
-4
-2
-1
-1
-1
-2
-3
-4
-4
-5
-5
-6
-5
-6
-6
-4
-3
-4
-4
-4
-5
-3
-1
-3
-3
0
-4
-4
-5
-5
-5
-7
-7
-7
-4
-6
-4
-4
-4
-1
-2
-1
-1
-1
-1
-1
-1
0
-2
0
-1
-2
-3
-2
-2
-1
-2
0
-1
-1
1
3
1
0
0
-2
-1
-4
-4
-2
-4
-7
-9
-9
-11
-13
-10
-10
-12
-11
-11
-9
-12
-10
-9
-10
-10
-10
-8
-7
-7
-9
-8
-9
-8
-7
-7
-6
-8
-7
-7
-6
-5
-6
-4
-8
-10
-8
-8
-8
-9
-9
-14
-16
-13
-16
-14
-15
-14
-13
-12
-10
-10
-8
-8
-7
-6
-6
-4
-5
-3
-2
-4
0
-4
-2
0
1
3
3
4
4
6
3
4
6
4
6
8
7
8
7
6
8
9
10
8
6
8
8
8
8
6
6
6
5
6
7
8
7
3
6
4
5
5
4
1
-2
0
-2
-3
-1
-4
-4
-6
-6
-7
-7
-4
-6
-5
-4
-2
-3
-2
-1
-4
-4
-4
-3
-4
-4
-2
-3
-3
-5
-5
-5
-6
-5
-5
0
-1
1
2
1
4
4
6
7
6
4
5
6
5
6
8
5
5
7
5
5
6
5
6
6
6
5
5
6
6
6
6
3
4
3
2
1
0
3
-1
0
2
1
3
2
4
3
6
1
0
1
-2
-1
0
1
0
-1
-2
-3
-3
-3
-4
-5
-5
-5
-3
0
0
1
5
1
4
5
5
8
10
10
8
10
10
13
10
9
9
7
9
8
9
7
5
6
5
8
8
9
6
5
5
6
8
8
9
6
4
8
9
13
10
10
10
5
6
5
4
4
3
5
4
3
3
4
3
4
5
8
9
8
10
8
8
10
7
8
8
8
7
7
8
6
8
8
7
7
6
6
7
7
5
8
8
6
8
7
8
4
6
6
3
0
-3
-3
-4
-3
-2
-1
1
-2
-2
-3
-6
-2
-1
-2
-1
0
1
3
2
0
-3
-5
-2
-2
-6
-6
-3
-3
-3
-3
-3
-5
-2
-3
-5
-3
-2
-1
-2
-2
-2
-3
-3
-1
-3
-3
-7
-8
-9
-12
-13
-14
-13
-14
-16
-14
-15
-12
-12
-15
-13
-17
-19
-17
-17
-18
-18
-16
-17
-19
-17
-17
-17
-15
-14
-16
-19
-17
-17
-14
-13
-13
-10
-9
-7
-10
-11
-12
-10
-11
-13
-14
-16
-15
-15
-12
-13
-11
-9
-10
-10
-10
-10
-13
-10
-8
-12
-11
-13
-12
-8
-9
-8
-8
-10
-10
-7
-6
-6
-5
-6
-6
-6
-3
-2
-1
1
-2
1
-1
-1
0
1
-1
-5
-5
-6
-7
-5
-3
-4
-2
-1
-3
0
-2
-2
-3
-1
-1
-1
-2
-2
0
1
2
1
0
3
6
4
3
3
3
5
3
4
5
5
5
6
6
3
3
3
1
2
0
-2
-3
-3
-3
-4
-3
-2
-1
0
1
-2
2
3
3
4
4
6
7
3
6
7
8
8
7
9
7
2
3
1
0
0
1
1
-1
1
3
2
6
7
5
5
6
6
4
3
4
2
0
4
2
5
7
6
7
6
8
8
6
9
6
7
8
7
11
10
12
12
8
10
7
9
8
6
5
6
7
5
7
8
9
10
12
12
12
12
11
12
12
11
10
11
12
12
11
11
10
8
9
9
6
5
5
6
6
6
8
6
8
9
11
11
9
8
6
6
5
6
7
7
10
8
8
7
6
5
2
0
-1
-1
0
-1
0
4
1
3
1
-1
0
-4
-2
-2
-6
-6
-8
-5
-6
-5
-7
-8
-4
-4
-6
-7
-4
-6
-5
-4
-1
-3
-7
-4
-7
-6
-7
-9
-8
-8
-10
-11
-11
-11
-10
-8
-7
-6
-2
0
-2
-4
-4
-7
-7
-5
-5
-4
-8
-8
-6
-7
-5
-4
-6
-4
-2
-2
-3
-3
-4
-7
-5
-7
-9
-6
-7
-7
-4
-3
-6
-5
-4
-6
-4
-5
-6
-9
-10
-10
-8
-5
-3
-6
-3
-2
-3
-3
-6
-6
-8
-10
-11
-12
-11
-12
-12
-10
-8
-10
-10
-13
-12
-14
-15
-16
-17
-14
-14
-14
-15
-13
-14
-12
-11
-9
-9
-8
-10
-10
-12
-9
-11
-12
-9
-9
-9
-6
-3
-2
1
2
2
-1
2
2
4
5
6
4
2
3
3
4
3
3
3
2
3
3
2
3
4
3
4
6
6
8
11
10
8
5
4
3
2
4
4
3
3
3
2
4
5
3
1
0
1
2
3
2
1
2
-1
-1
0
-1
0
1
1
3
2
3
5
3
4
7
7
10
11
12
12
14
16
16
16
16
14
13
13
13
14
12
14
13
12
12
8
9
10
10
9
7
7
10
14
15
17
18
16
15
15
17
15
14
15
13
17
17
16
16
16
16
14
14
10
9
6
4
5
4
3
3
4
2
0
-1
-3
-3
-2
1
1
-2
1
1
3
-1
0
-1
-1
1
-1
1
-4
-2
-5
-7
-3
-5
-5
-6
-8
-10
-9
-8
-6
-6
-7
-4
-4
-4
-1
-1
2
-1
2
3
1
4
2
8
8
7
8
5
6
3
4
5
4
5
4
6
3
4
4
3
4
3
4
2
5
6
7
7
7
11
9
11
9
6
8
6
7
6
5
6
4
3
2
2
2
-1
-2
-2
-5
-4
-6
-6
-5
-7
-8
-8
-9
-10
-10
-12
-12
-10
-11
-11
-9
-9
-10
-12
-12
-10
-12
-13
-12
-11
-13
-11
-12
-13
-13
-12
-13
-15
-12
-14
-14
-14
-15
-16
-17
-15
-15
-15
-13
-11
-13
-11
-10
-8
-8
-7
-5
-4
-5
-7
-5
-2
-3
-2
-2
-4
-2
-2
-4
0
-2
-2
-1
-2
-2
-3
-4
-6
-6
-4
-5
-5
-6
-3
-2
-1
-1
-1
1
1
1
2
3
4
3
3
5
8
9
10
9
8
7
6
5
5
4
1
4
3
5
7
7
6
6
5
4
3
0
3
2
-1
1
-1
2
1
1
1
1
4
1
0
3
2
2
3
3
1
2
3
2
2
1
-2
-1
-1
0
-1
-5
-4
-5
-7
-5
-5
-9
-7
-6
-3
-2
-6
-7
-9
-7
-5
-5
-4
-4
-3
-2
-3
-7
-8
-5
-5
-4
-5
-5
-6
-6
-5
-8
-8
-10
-8
-9
-11
-8
-9
-10
-11
-13
-14
-14
-13
-15
-14
-13
-10
-8
-8
-8
-7
-5
-6
-3
-3
-5
-3
-2
2
0
2
0
1
2
-2
0
0
-1
4
1
0
3
2
4
5
3
5
9
11
13
13
14
14
16
15
16
17
18
17
13
15
13
14
15
14
17
14
17
15
17
20
20
22
18
17
16
17
18
17
17
14
16
12
14
16
13
14
11
14
11
13
16
13
17
12
11
12
9
11
10
11
11
10
8
9
9
11
10
8
9
7
9
8
12
11
9
11
11
12
10
9
7
5
5
2
2
1
0
0
1
1
-3
-2
-3
-3
1
-3
0
-1
1
5
3
5
2
2
4
1
0
-2
-1
-3
-6
-5
-6
-6
-5
-4
-5
-4
-5
-5
-5
-6
-6
-7
-6
-8
-9
-11
-16
-17
-18
-17
-21
-20
-17
-18
-16
-17
-13
-13
-13
-14
-12
-14
-11
-11
-13
-11
-10
-9
-12
-12
-13
-11
-13
-11
-13
-12
-8
-9
-6
-7
-5
-5
-3
-3
-5
-5
-4
-4
-6
-3
-2
-4
-3
-4
-6
-2
-5
-3
-5
-2
-2
-1
2
-2
3
2
-1
1
-5
-3
-1
-3
-2
-3
-1
-3
-3
-4
-4
-2
-6
-5
-5
-4
-5
-6
-5
-8
-5
-6
-6
-5
-5
-2
-1
-2
-3
-3
-1
-2
-3
-2
-1
-1
-2
-2
-1
0
-1
-1
2
0
0
0
-2
-4
-4
-1
-1
0
0
-4
-2
-4
-3
-2
-6
-5
-6
-9
-6
-11
-9
-7
-9
-7
-8
-2
-4
-5
-3
-3
2
0
2
2
3
3
2
1
0
4
6
6
3
2
0
0
-1
-2
-2
0
1
2
2
4
2
4
2
2
4
0
1
-3
-2
0
-1
5
5
5
8
7
9
12
12
12
11
14
12
10
14
12
9
9
8
8
4
5
5
4
5
5
7
10
11
13
12
12
13
12
14
12
16
11
7
9
6
6
5
5
4
4
6
8
8
11
13
14
12
10
14
11
8
6
5
5
3
3
3
3
5
6
5
7
8
8
11
8
8
8
8
10
12
13
13
14
13
13
14
13
12
8
9
7
6
6
4
4
5
6
6
7
5
4
3
4
1
-1
-1
-1
-2
-3
-3
-4
-3
-3
1
0
2
2
2
2
0
0
-1
-1
-3
-3
-4
-6
-4
-4
-5
-4
-6
-9
-9
-11
-9
-10
-7
-9
-6
-6
-7
-7
-7
-5
-7
-5
-7
-6
-6
-5
-4
-6
-6
-9
-8
-10
-11
-11
-10
-12
-13
-12
-13
-15
-13
-14
-14
-18
-19
-18
-15
-15
-15
-14
-18
-17
-18
-16
-16
-16
-15
-15
-12
-17
-13
-13
-12
-8
-12
-8
-7
-5
-4
-3
-2
-4
-3
-5
-4
-3
-2
-2
-4
-2
-5
-2
-1
0
-3
-1
-1
-5
-1
2
3
5
4
2
2
1
2
3
5
4
6
5
3
5
5
6
3
3
3
1
5
5
7
9
9
11
10
10
9
10
9
7
6
7
6
5
8
6
6
3
4
6
7
5
5
6
4
5
5
5
4
3
3
4
1
0
-2
-3
-2
-2
-4
-3
-3
-7
-9
-5
-5
-6
-5
-6
-5
-4
-3
-2
-3
-3
-4
-4
-6
-7
-7
-8
-6
-4
-7
-6
-5
-7
-6
-6
-7
-5
-6
-7
-4
-1
-1
-3
-1
-1
-2
-4
-1
-3
-3
-3
-3
1
-3
-1
2
1
4
3
2
3
1
2
3
4
3
3
2
2
2
0
3
2
0
-1
-3
1
0
0
-1
1
2
1
3
2
3
2
1
1
2
3
4
5
5
5
3
5
6
5
7
8
8
8
11
12
13
13
13
14
13
11
12
11
11
9
9
10
10
11
11
11
8
10
8
9
13
10
12
12
11
11
10
14
10
12
10
8
13
9
13
10
8
7
7
6
6
5
3
5
5
4
5
6
4
8
10
7
8
4
4
3
0
-1
0
-2
-2
-3
-1
-1
0
2
1
1
-3
-3
-5
-4
-7
-8
-4
-6
-4
-6
-7
-6
-8
-10
-9
-5
-6
-4
-6
-5
-5
-5
-1
0
1
0
1
4
3
2
1
1
2
2
1
0
4
1
-3
-2
-2
-2
-5
-5
-4
-5
-3
-3
-1
-1
-1
0
-1
-1
-2
-3
-4
-7
-5
-7
-7
-9
-8
-8
-10
-11
-6
-5
-6
-4
-5
-6
-7
-8
-8
-8
-9
-9
-8
-7
-8
-7
-8
-7
-4
-5
-4
-6
-6
-6
-4
-6
-6
-3
-2
0
-1
-1
-2
-3
1
-3
-2
-3
-5
-6
-8
-6
-6
-6
-5
-4
-4
-4
-1
-1
0
3
1
-2
-1
-1
-2
-1
-4
-2
-3
-1
0
-3
-4
-3
-1
-2
-3
-3
-4
-3
-3
-1
-2
-4
-4
-6
-5
-1
0
-1
0
1
2
3
3
2
3
0
1
0
-2
-4
-3
-4
-4
-1
-6
-5
-7
-9
-7
-7
-6
-4
-4
-2
-2
-1
-2
-2
1
-2
-3
-2
-4
-2
-1
-3
-2
-1
0
2
2
3
1
2
5
5
4
7
7
10
7
7
7
4
5
3
5
3
1
1
4
7
7
6
4
9
8
8
8
7
11
11
10
13
11
12
10
10
8
8
6
5
6
6
4
3
4
3
5
5
3
5
4
3
6
3
3
2
0
3
2
1
1
-1
-2
-4
-4
-2
-6
-9
-11
-12
-8
-4
-7
-6
-9
-5
-6
-8
-5
-8
-7
-5
-6
-7
-3
-2
-2
1
1
3
3
4
4
6
9
7
8
7
4
7
6
5
7
7
7
2
2
2
1
0
0
-2
-2
-3
-1
-3
-4
-4
-5
-6
-4
-5
-5
-4
-6
-4
-7
-6
-7
-4
-5
-8
-4
-7
-5
-4
-3
-4
-5
-6
-4
-5
-4
-1
0
-1
-3
0
2
0
1
5
4
5
7
8
9
10
10
9
10
8
9
5
8
7
5
6
8
7
4
5
5
2
4
5
3
3
3
6
8
5
5
5
6
5
3
2
5
3
4
5
1
3
2
1
5
2
0
1
2
2
4
3
4
3
4
4
3
1
2
-1
-2
-3
-4
-3
-7
-7
-6
-6
-8
-5
-5
-5
-5
-5
-5
-5
-4
-6
-3
-2
-1
-3
-2
-5
-7
-8
-8
-9
-10
-10
-13
-14
-12
-8
-9
-7
-8
-7
-9
-8
-5
-9
-7
-10
-8
-9
-8
-6
-9
-6
-6
-6
-6
-6
-4
-4
-1
1
1
3
2
2
0
-2
-2
-9
-7
-7
-6
-7
-9
-7
-8
-11
-11
-9
-7
-6
-7
-5
-6
-3
3
0
0
-1
-1
-2
-4
-2
-3
1
0
2
4
4
6
4
4
5
6
9
5
3
3
5
4
3
2
1
4
3
4
3
4
3
3
4
0
4
0
1
2
1
4
5
5
6
5
5
5
6
9
7
9
9
7
9
9
9
8
8
7
7
10
7
9
10
11
12
11
13
15
12
12
15
16
16
14
15
14
16
14
14
15
16
13
14
14
13
16
12
15
14
14
12
11
12
12
14
10
10
9
11
9
7
7
6
8
6
9
7
7
4
5
6
4
4
7
5
4
5
4
1
1
1
1
3
3
2
1
1
0
1
0
-3
0
3
1
2
1
2
3
4
3
1
2
1
3
3
3
5
1
-1
1
0
1
2
0
1
1
1
-1
-2
-2
-2
-1
-3
-3
-9
-7
-10
-10
-11
-14
-13
-16
-16
-14
-11
-13
-13
-13
-12
-12
-11
-9
-11
-12
-14
-12
-16
-17
-19
-19
-17
-18
-17
-18
-18
-18
-16
-18
-16
-14
-12
-9
-10
-9
-6
-6
-5
-3
-4
-4
1
-1
0
1
0
0
2
2
0
1
1
0
3
4
4
5
5
5
8
6
9
11
10
9
11
8
7
7
9
11
10
10
7
8
9
9
8
8
8
9
10
9
10
10
10
9
9
9
7
9
9
7
4
3
1
-1
-1
-4
-3
-1
-3
1
2
-1
-2
-1
3
3
2
0
-1
-3
-6
-3
-4
-7
-7
-9
-10
-11
-9
-12
-13
-12
-13
-11
-11
-12
-12
-13
-10
-12
-11
-8
-9
-9
-10
-11
-12
-9
-7
-11
-12
-12
-11
-9
-8
-8
-5
-4
-4
0
-1
-2
1
0
0
-3
1
0
-2
-3
-5
-5
-6
-6
-4
-5
-7
-4
-5
-5
-5
-3
-4
-3
2
5
10
9
8
7
10
10
8
8
4
3
5
6
4
5
3
4
2
4
8
6
8
7
8
7
5
8
9
7
8
8
9
10
10
12
15
17
15
15
14
14
12
9
9
7
5
4
4
3
5
4
3
4
4
6
6
9
10
10
12
11
7
12
10
8
12
8
7
8
5
6
4
4
0
0
1
0
-3
-6
-5
-8
-6
-5
-6
-3
-6
-4
-5
-5
-5
-7
-2
-2
-1
-2
-2
-2
-3
0
-5
-6
-4
-1
1
-1
-3
-1
0
-2
-2
-3
-4
-7
-7
-5
-9
-8
-8
-6
-9
-9
-3
-6
-3
0
-1
-2
1
5
6
5
2
2
2
2
2
1
3
4
3
4
3
2
1
1
-1
-2
-1
-1
-3
1
2
3
2
2
2
1
2
2
4
5
10
7
7
11
8
11
8
7
7
6
10
7
9
12
12
12
11
8
9
9
8
8
5
4
5
1
2
0
0
-3
-3
-3
-4
-3
-1
-2
-1
1
-3
-3
-3
-3
-5
-6
-5
-5
-7
-4
-5
-6
-5
-10
-10
-10
-9
-10
-11
-11
-15
-13
-13
-12
-12
-17
-19
-18
-17
-20
-19
-22
-23
-22
-21
-22
-23
-23
-23
-22
-25
-20
-21
-21
-20
-19
-17
-17
-14
-16
-16
-15
-16
-17
-17
-14
-15
-11
-9
-6
-4
-5
-2
-2
-3
-1
0
0
2
3
1
0
1
1
1
1
2
4
4
8
6
5
4
5
8
7
9
7
10
12
11
12
10
11
13
13
13
14
15
14
16
15
14
13
14
13
11
8
9
8
6
6
6
6
10
8
8
8
5
7
6
5
6
3
0
2
1
-2
-2
-6
-5
-3
-7
-7
-7
-8
-9
-9
-8
-11
-12
-12
-12
-12
-11
-13
-10
-11
-11
-10
-10
-9
-7
-6
-6
-4
-3
-4
-5
-5
-4
-2
-1
0
0
2
2
5
5
6
8
5
7
6
9
6
7
9
8
12
13
14
17
15
17
17
16
15
16
13
10
13
12
16
13
13
14
13
16
14
15
15
16
19
14
16
14
12
15
13
12
7
8
11
10
9
8
10
8
10
7
5
7
5
4
3
6
3
4
3
1
3
3
4
7
4
6
4
5
1
-2
-3
-7
-8
-9
-10
-13
-11
-12
-11
-9
-8
-8
-11
-7
-7
-8
-10
-9
-8
-6
-9
-10
-9
-10
-12
-11
-10
-9
-8
-8
-7
-9
-10
-10
-10
-12
-12
-12
-16
-14
-13
-16
-13
-15
-17
-15
-17
-19
-21
-20
-24
-22
-25
-24
-23
-23
-18
-21
-20
-16
-13
-14
-14
-11
-11
-10
-10
-10
-12
-11
-11
-13
-12
-12
-8
-5
-3
0
-3
0
-1
2
5
3
5
6
6
7
6
11
9
10
12
11
10
10
13
9
13
15
11
14
13
12
9
6
5
4
4
5
7
8
9
8
6
4
6
2
1
-2
-6
-8
-5
-5
-4
-2
-3
-2
-2
-1
0
1
2
0
-1
-1
-4
-4
-3
-2
-3
-3
-6
-9
-7
-8
-6
-7
-8
-7
-7
-5
-9
-6
-7
-9
-10
-10
-11
-14
-13
-13
-13
-11
-10
-9
-10
-11
-13
-13
-17
-15
-14
-17
-12
-15
-11
-10
-8
-6
-7
-3
-5
-6
-8
-13
-12
-15
-11
-12
-14
-10
-8
-6
-3
-2
-1
5
6
7
8
7
8
11
13
13
12
13
14
15
14
15
16
17
18
19
20
21
21
22
22
24
25
21
22
22
21
23
25
25
27
26
27
25
23
22
20
20
19
21
19
20
20
18
21
19
18
21
19
19
18
14
14
12
11
9
8
6
5
5
5
4
5
5
4
5
3
6
8
7
10
10
7
6
6
7
6
8
4
3
4
1
3
3
4
4
6
8
7
5
7
8
9
9
6
6
0
0
-1
-3
-4
-6
-7
-9
-9
-9
-9
-9
-7
-7
-7
-7
-3
-3
-4
-4
-5
-4
-2
-1
-4
-5
-7
-9
-9
-11
-15
-12
-12
-12
-12
-14
-11
-14
-10
-7
-7
-6
-8
-9
-8
-8
-8
-7
-9
-8
-10
-9
-7
-9
-8
-9
-8
-7
-6
-4
-4
-5
-4
-6
-7
-7
-8
-10
-12
-13
-14
-14
-16
-19
-19
-18
-19
-17
-19
-20
-20
-18
-16
-15
-13
-16
-12
-11
-10
-7
-10
-8
-8
-9
-8
-8
-10
-10
-9
-7
-5
-5
-5
-3
-2
-3
-2
0
0
1
1
-1
-1
-3
-6
-5
-6
-8
-9
-10
-10
-9
-9
-8
-7
-6
-7
-8
-8
-8
-10
-11
-11
-12
-9
-9
-10
-12
-12
-12
-13
-14
-13
-14
-13
-8
-10
-6
-4
-3
1
0
2
3
5
6
6
6
7
7
8
10
10
10
11
12
10
11
12
13
13
14
13
14
16
16
16
17
19
19
18
18
20
15
17
18
17
19
15
17
17
15
15
14
16
15
16
17
17
16
18
18
17
19
18
17
18
17
14
12
12
9
11
7
4
1
1
0
-2
-3
-4
-1
-2
-4
-3
-3
-6
-8
-7
-10
-11
-13
-18
-16
-15
-17
-18
-19
-20
-18
-13
-12
-12
-10
-7
-7
-3
-3
-2
-2
-3
0
-2
-3
-2
-5
-6
-5
-5
-4
-4
-2
2
4
5
8
5
4
7
7
10
8
8
9
9
11
6
7
5
6
9
9
11
11
16
14
16
16
16
19
17
18
17
18
21
19
22
21
24
24
20
23
20
19
19
19
17
16
15
13
11
12
12
10
9
11
10
12
13
11
9
8
7
7
4
2
3
2
3
3
4
5
2
2
1
2
-1
-3
-6
-7
-7
-7
-8
-8
-8
-9
-9
-11
-11
-12
-13
-15
-14
-13
-16
-15
-16
-14
-14
-14
-16
-17
-14
-15
-12
-13
-8
-7
-10
-8
-11
-12
-14
-16
-17
-16
-14
-17
-16
-16
-16
-14
-12
-9
-9
-7
-6
-7
-8
-10
-8
-9
-10
-8
-6
-9
-12
-12
-16
-13
-11
-13
-10
-10
-8
-10
-8
-7
-10
-9
-10
-8
-6
-5
-3
-3
-3
-6
-5
-2
1
0
-2
1
0
2
3
3
7
3
5
5
4
3
1
3
0
1
0
1
3
1
3
2
4
5
6
7
9
9
8
9
8
7
8
7
8
4
1
0
-1
-1
0
-3
-4
-6
-4
-3
-7
-4
-2
-3
-2
-4
-3
-2
0
0
-4
-2
-4
-5
-5
-9
-2
-8
-5
-5
-8
-4
-4
-1
-5
-2
-4
-5
-5
-5
-4
-6
-8
-9
-8
-7
-7
-5
0
-2
-3
-4
-5
-4
-5
-4
-6
-9
-10
-4
0
-2
-1
-3
-4
-1
-5
-2
0
-5
-3
-3
-2
-8
-7
-8
-11
-12
-13
-8
-9
-8
-9
-8
-4
-3
-5
-2
1
-2
-2
0
-1
1
-1
-1
3
4
7
6
7
6
5
8
6
3
2
3
6
-1
-1
3
-1
2
0
1
-1
-4
-2
-7
-3
-5
-5
-6
-8
-7
-7
-6
-7
-12
-8
-8
-8
-6
-8
-4
-6
-6
-6
-7
-7
-5
-3
-4
-1
-1
-1
-2
-2
-3
-2
-1
1
0
4
4
4
7
3
5
5
7
7
7
8
9
8
7
8
6
9
9
9
9
9
12
14
11
15
13
14
13
13
13
12
14
10
11
6
6
5
4
2
1
-1
-3
-2
-1
-2
-3
-4
-3
-3
-2
2
4
2
1
0
0
3
3
4
3
4
4
2
4
1
6
5
6
10
8
10
11
11
13
12
14
15
15
16
14
15
11
11
9
8
6
5
5
1
0
-2
-2
-3
-5
-7
-7
-7
-9
-8
-6
-8
-7
-7
-13
-12
-11
-12
-15
-12
-11
-13
-14
-11
-12
-12
-10
-11
-9
-14
-12
-12
-12
-13
-12
-14
-17
-17
-17
-17
-15
-13
-16
-13
-13
-15
-16
-15
-13
-14
-14
-13
-16
-12
-12
-14
-15
-18
-18
-20
-19
-18
-17
-19
-21
-21
-21
-20
-18
-20
-19
-20
-19
-16
-16
-14
-14
-13
-11
-10
-10
-12
-7
-7
-7
-8
-7
-3
-2
-2
-2
-3
-1
-1
-1
-1
1
3
3
3
5
2
-1
1
-1
-3
-2
-5
-6
-4
-6
-4
-3
-6
-3
-3
-2
1
0
4
5
7
5
7
5
2
6
3
3
5
4
4
5
4
4
5
6
6
5
6
7
6
7
9
7
10
9
10
11
9
9
6
4
5
4
4
4
4
4
3
4
3
6
5
6
5
5
6
3
6
6
7
5
3
1
3
3
2
3
4
3
4
4
1
4
6
6
6
4
5
6
3
4
2
3
5
5
5
5
5
6
6
6
7
8
10
9
8
8
10
8
10
13
10
12
13
13
10
8
9
10
9
9
7
9
12
12
14
16
19
18
17
18
16
20
21
22
22
23
24
23
23
24
22
23
21
21
22
22
24
22
19
21
21
17
20
20
18
17
18
16
16
13
8
9
6
3
3
4
4
3
-1
-2
0
-2
-1
0
1
2
0
1
1
1
2
-2
-5
-8
-10
-11
-12
-13
-16
-19
-19
-19
-20
-19
-18
-17
-18
-18
-19
-19
-16
-20
-17
-17
-19
-17
-19
-18
-20
-20
-18
-16
-18
-19
-16
-17
-15
-16
-12
-11
-13
-9
-4
-4
-1
0
0
-1
0
0
-1
-2
-3
-3
-3
0
-2
-1
1
-1
-1
1
1
3
5
5
4
8
6
8
6
5
6
6
7
