-3
-6
-5
-7
-3
-5
-4
-1
-3
-1
-2
-1
-3
-3
-1
-5
-6
-7
-5
-6
-3
-7
-6
-4
-7
-4
-5
-3
-2
-2
-1
-1
1
-3
-1
0
-2
-2
-3
-3
-3
-3
0
0
-1
-2
0
-2
-2
1
1
2
-2
-2
3
1
2
1
-2
-1
-2
-2
-4
-5
-3
-3
-3
-3
-1
-5
-5
-1
-3
-1
-2
-3
1
2
5
5
6
6
3
3
2
5
4
2
2
-1
3
4
4
3
2
4
3
4
4
2
3
5
3
2
4
2
4
2
4
2
1
2
3
2
4
5
5
9
6
8
10
8
6
6
4
5
4
3
4
3
3
2
2
1
4
0
2
2
1
2
1
0
1
3
3
4
4
2
1
1
1
2
2
0
1
-1
0
-1
-1
2
-3
-2
-2
-2
0
-3
1
3
2
3
3
3
3
3
1
1
-2
-2
-5
-5
-5
-5
-5
-3
0
-4
-2
-1
-2
0
2
2
1
5
6
4
3
2
1
0
4
0
3
5
-1
-2
-4
-3
-1
0
-1
-4
-1
-4
-6
-4
-4
-6
-3
-5
-6
-5
-5
-3
-2
-2
-2
-2
0
-3
-3
-3
-5
-4
-4
-4
-6
-3
-3
-4
-4
-2
-1
-4
-4
-2
-2
-2
-1
-2
-4
-2
-7
-5
-4
-4
-4
-8
-5
-2
-5
-5
-5
-7
-4
-5
-4
-4
-6
-6
-5
-3
-1
-1
0
2
1
2
3
6
4
7
10
9
8
9
9
5
6
6
2
1
0
-3
-3
-3
-5
-4
-3
-5
-5
-3
-3
-5
-2
1
-3
-2
-2
-6
-5
-5
-3
-4
-4
-6
-5
-6
-5
-7
-6
-5
-5
-3
-3
-1
-2
-4
-2
-2
0
-1
1
1
2
7
5
5
2
6
4
1
5
4
6
5
5
6
4
4
5
9
6
6
8
4
7
7
5
6
4
5
5
7
5
7
2
0
4
0
1
2
0
-2
0
-2
-1
-1
-3
-1
-5
-5
-6
-11
-8
-8
-9
-8
-8
-8
-8
-6
-5
-3
-2
-1
-1
0
1
4
5
4
3
3
0
2
5
2
0
0
-4
-4
-1
-3
-2
-1
0
-1
-1
0
1
3
4
3
2
5
6
6
6
7
6
4
4
2
0
1
1
3
1
-2
0
-1
0
-1
0
2
-3
-2
-3
-1
-1
2
-1
0
2
-2
0
1
0
0
0
3
0
2
3
4
6
5
4
4
4
5
4
2
1
0
-1
-2
0
1
2
1
0
1
0
-2
-2
-2
0
0
0
0
-2
1
-2
1
1
0
1
-1
1
0
1
-1
-3
-2
-4
-6
-4
-8
-4
-3
-5
-3
-4
-4
-6
-2
-3
-5
-4
-4
-3
-4
2
1
3
2
2
2
2
2
0
3
1
2
3
4
4
5
5
3
4
6
5
4
2
3
3
3
4
2
3
2
3
4
1
4
2
1
3
-1
-1
0
-3
-3
-1
-1
-3
-3
-2
-1
-1
-1
-2
-1
-1
-4
-2
-3
0
2
-2
1
0
-3
-3
-3
0
-3
-3
-3
-3
1
-1
3
5
3
4
4
2
3
6
8
6
6
7
8
8
5
3
3
1
3
1
0
4
4
0
3
4
3
5
4
9
9
9
10
8
10
8
5
6
5
0
0
-2
-3
-3
-6
-4
-6
-7
-5
-2
-5
-3
0
-1
0
4
3
5
4
2
5
4
3
2
2
-4
-4
-2
-5
-3
-6
-6
-6
-6
-3
-6
-3
-4
-3
0
0
-1
-2
1
-2
-2
-2
-3
-5
-5
-5
-5
-2
-7
-6
-3
-8
-6
-8
-6
-5
-5
-4
-6
-2
-4
-2
-2
-1
-1
0
0
-3
1
-1
3
-1
1
3
2
4
-1
3
-2
0
1
-3
1
-3
-1
-4
-3
-1
-2
0
-3
2
-1
2
3
1
4
1
3
1
-1
0
-2
0
-2
-1
-2
-2
0
-4
2
-1
0
0
-3
-1
-3
1
3
5
5
4
7
6
4
6
5
4
4
5
6
5
7
7
5
4
2
4
2
4
5
4
5
3
7
9
9
9
7
5
4
7
6
6
7
3
4
5
2
2
0
1
1
1
-1
-1
-1
-1
0
0
-1
-2
-4
-4
-3
-5
-4
-5
-5
-7
-7
-5
-8
-5
-6
-5
-6
-4
-3
-6
-1
-3
-4
0
-3
-1
2
1
5
0
0
-1
-1
2
-2
-1
-2
-2
-1
-2
-2
0
-2
-3
-1
-5
-5
-5
-3
-4
-5
0
0
1
2
0
1
-1
3
2
1
-1
-1
0
0
4
2
3
1
2
2
1
4
2
3
0
-1
0
-1
0
1
1
2
2
-3
-1
2
-3
0
-1
-2
1
-2
1
4
4
1
1
1
0
-1
0
1
-2
-3
-4
-2
-2
-3
0
-2
1
-1
-1
3
-1
0
0
-1
-1
-3
0
-1
-2
-2
-2
-6
-5
-2
-6
-7
-6
-9
-8
-6
-7
-6
-6
-4
-2
-5
-4
-4
-5
-3
-6
-6
-4
-8
-8
-6
-9
-9
-7
-9
-8
-9
-9
-5
-3
0
-1
1
0
0
3
6
6
4
4
3
2
0
-2
-1
-2
-4
-4
-2
-3
0
-1
1
-3
-4
-3
-4
-4
-6
-2
-1
-2
-2
4
2
-1
2
1
-1
0
1
1
2
2
4
5
2
3
3
1
6
4
3
7
5
6
3
4
7
1
3
4
3
4
3
6
5
4
7
7
7
4
4
4
4
4
1
3
2
1
0
0
1
1
4
1
0
-1
3
6
3
7
8
8
11
8
10
11
12
10
6
7
5
8
7
4
7
4
5
5
8
8
8
13
11
13
12
9
13
10
11
8
9
10
7
11
10
9
8
6
5
5
5
5
6
3
5
8
8
10
8
10
11
12
9
5
6
3
5
4
1
2
1
0
-2
1
-1
-4
-3
-5
-3
-5
-3
-3
-6
-7
-7
-6
-7
-5
-8
-9
-11
-11
-12
-12
-8
-12
-12
-11
-11
-12
-11
-9
-10
-7
-9
-14
-8
-5
-5
-9
-6
-4
-6
-5
-3
-1
-7
-3
-4
-18
-24
-9
2
-12
-11
-4
-9
-1
2
-9
-7
3
2
0
-6
-6
2
2
1
-1
-4
1
4
0
-2
-3
-5
-1
1
0
-4
-1
3
-1
2
2
-4
-9
-1
4
-6
-2
0
-10
-5
-1
-4
-10
-6
-2
-7
-4
-5
-5
-4
-1
-2
-3
2
-1
2
2
1
2
-3
-4
-2
0
-1
0
-2
-1
3
-1
2
2
3
5
0
1
2
4
6
7
1
1
9
7
-2
6
8
1
9
11
5
6
11
11
10
7
7
6
4
5
2
0
2
3
3
-3
-2
-1
-2
2
4
2
-1
1
2
3
2
1
2
4
1
-3
1
1
-3
-2
-4
-6
-3
-2
-3
-7
-7
-4
-9
-7
-5
-5
-5
-2
-5
-8
-1
-3
-1
-4
-5
-5
-8
-8
-8
-9
-12
-11
-14
-12
-8
-7
-7
-5
-4
-7
-2
-2
-4
-3
-2
-4
-4
-2
0
-4
-5
-4
-7
-7
-7
-6
-9
-7
-7
-5
-3
-6
-4
-3
-5
-3
0
-2
-3
-2
2
2
0
2
-2
0
2
2
2
7
5
4
5
4
5
6
6
4
5
3
5
6
2
7
9
6
5
7
6
5
5
7
10
6
8
10
9
9
9
11
8
4
5
5
3
3
5
2
6
6
6
6
5
6
5
7
6
9
8
8
11
8
9
10
7
5
4
3
2
-3
-2
-3
-2
-4
-1
-2
-5
3
0
2
1
3
2
2
5
0
4
-1
-1
-2
-1
-1
1
3
-3
-1
-1
-4
-1
1
-1
0
-1
-1
-3
0
3
4
5
3
2
0
2
3
2
1
-3
-5
-2
-4
-6
-4
-6
-3
-5
-6
-5
-7
-6
-7
-4
-2
-1
0
0
0
1
2
-2
-4
-3
-7
-4
-5
-6
-7
-8
-6
-9
-4
-5
-4
-3
-1
0
0
5
1
0
1
3
3
1
3
-5
-3
-3
-3
-4
-8
-5
-3
-3
-2
-2
0
-1
1
3
1
4
4
6
7
5
6
3
2
3
2
0
0
-4
-5
-5
-8
-7
-9
-6
-7
-8
-4
-6
-5
-4
-4
-4
-4
-1
0
1
-1
-2
-5
-5
-7
-5
-6
-8
-5
-2
3
-1
0
6
3
1
4
5
3
5
5
3
1
-3
-2
-3
-7
-6
-8
-8
-9
-7
-5
-5
-2
-2
0
-1
1
4
4
1
4
1
-2
-2
-5
-5
-5
-6
-8
-9
-5
-6
-6
-3
-2
-1
0
4
2
-1
3
4
1
0
0
-1
0
2
1
-1
0
2
1
2
0
3
2
3
3
1
4
4
3
3
2
1
2
1
3
1
-1
3
1
0
0
0
0
0
1
1
0
3
5
4
5
7
7
5
7
7
6
7
5
2
1
1
1
-1
-3
-3
-7
-3
-5
-6
-4
0
1
0
3
4
6
3
2
5
3
3
2
0
-2
-2
0
0
0
2
0
0
0
1
1
6
2
3
4
2
5
4
3
4
3
2
0
0
2
1
1
0
-2
0
1
6
5
8
8
7
10
10
9
6
7
9
6
7
8
5
2
3
5
5
6
4
3
2
3
4
4
4
2
6
3
3
4
1
4
4
5
4
1
2
1
2
-2
0
1
-2
0
1
4
2
5
5
2
4
4
5
6
5
2
2
2
1
0
2
2
1
5
3
2
2
2
5
1
5
6
4
8
8
8
8
8
9
5
5
3
2
1
0
-1
-2
-2
-4
-2
-1
-3
-4
-4
-3
-2
-2
-1
-2
-1
2
3
2
1
0
1
-1
-2
2
-2
-2
-1
0
1
1
0
-1
1
1
0
-2
-3
-4
-4
-4
-3
-6
-5
-6
-7
-7
-7
-8
-8
-7
-8
-6
-6
-3
-2
-2
-4
-4
-2
-2
0
-1
-1
-3
-3
-5
-10
-6
-8
-10
-12
-10
-8
-9
-8
-7
-6
-6
-4
-4
-4
-4
-6
-4
-2
-1
-2
-1
-1
0
-1
-4
-3
-4
-3
-1
0
2
3
2
4
4
3
2
1
3
1
0
-2
-1
0
-2
-1
-1
-1
-1
-5
-4
-7
-7
-5
-3
-3
-4
-4
-2
-1
-2
-2
-2
-4
-5
-6
-6
-5
-6
-5
-5
-4
-4
-4
-3
-1
-3
-4
-2
-3
2
3
4
4
3
2
3
4
-1
2
2
-1
3
0
0
-2
0
3
2
4
2
5
7
8
11
9
9
9
9
3
4
4
3
2
-1
-1
-3
-2
-2
-4
-2
0
2
1
2
3
6
5
3
4
4
4
3
4
1
3
2
0
3
2
-2
-3
-1
-3
-4
1
3
3
5
6
5
6
3
6
8
3
2
1
-1
4
6
5
1
2
1
6
8
9
12
8
10
9
8
7
7
3
2
4
1
2
1
1
2
0
0
-1
-4
-2
4
3
4
4
3
5
6
5
3
4
5
4
6
6
1
3
3
0
1
0
-1
-1
-3
-3
-2
-3
-1
-1
-3
-1
0
4
4
2
1
1
0
0
0
0
-2
-2
-2
-3
2
1
-2
-1
0
4
3
5
0
2
5
2
4
1
-1
1
2
3
0
-4
-1
-3
-4
0
-2
-2
1
0
3
4
2
4
-1
-1
-1
0
3
2
4
0
1
3
3
2
-1
-1
-2
-1
-3
-3
-5
-3
0
1
2
5
6
4
4
4
5
6
3
8
5
3
4
1
2
-3
-3
-3
1
1
1
0
-3
3
1
6
6
0
2
3
8
6
3
1
-3
-4
-3
-4
-7
-5
-5
-3
-2
-4
0
-1
-6
-5
-2
-1
2
0
-1
-3
-5
-5
-6
-4
-9
-15
-11
-7
-8
-7
-10
-10
-10
-11
-8
-8
-6
-7
-3
-5
-5
-8
-5
-2
-8
-3
-4
-5
-1
-5
-5
-2
-3
-5
-7
-7
-2
-1
-1
-3
-9
-2
3
5
3
-11
-12
-5
12
21
-10
-46
-32
14
42
23
-37
-55
-15
37
48
2
-34
-34
7
49
34
-11
-36
-17
17
27
10
-16
-26
-12
12
23
4
-16
-25
-9
18
22
3
-17
-14
-1
14
13
2
-14
-10
-3
5
8
-2
-5
-14
-8
2
4
6
2
-2
-2
5
10
12
7
1
-1
1
12
16
9
-2
-6
-1
8
11
3
-5
-5
1
5
5
5
2
2
1
7
13
12
9
5
5
11
14
12
8
4
4
11
8
3
4
0
3
3
1
2
7
4
4
4
7
12
9
12
10
6
5
6
10
11
6
1
0
4
3
2
3
1
0
3
3
2
2
0
1
3
3
3
4
2
-4
-6
-4
-6
-4
-3
-3
-5
-7
-5
-5
0
-4
-4
1
0
5
4
3
6
7
5
0
1
6
8
3
-4
-8
-7
-3
-2
-5
-9
-4
-4
-4
-4
-3
1
2
6
5
4
3
5
6
5
6
3
3
5
2
2
-1
-6
-6
-2
-1
-5
-9
-9
-5
-6
-9
-6
-11
-8
-3
-5
-9
-11
-8
-4
-6
-7
-9
-11
-6
-3
-6
-8
-8
-9
-5
-5
-7
-12
-11
-9
-9
-1
-5
-7
-7
-2
1
-3
-1
-8
-7
1
2
0
-5
-3
-2
1
4
4
3
1
0
4
5
3
2
-1
5
3
3
4
0
1
-1
8
9
6
5
6
9
10
11
4
3
9
9
12
6
4
5
10
14
9
6
2
4
4
6
4
5
10
7
11
7
6
10
3
5
4
4
5
2
2
0
2
0
-5
-3
0
3
0
-2
-4
-2
3
-1
-5
-7
-6
-5
-5
-7
-11
-10
-5
-5
-7
-5
-6
-3
-1
-3
2
-1
1
-1
-2
1
-1
-1
-4
-4
-4
-4
-5
-9
-9
-7
-7
-7
-9
-9
-8
-7
-5
-6
-7
-8
-1
-2
0
1
1
1
-1
3
-1
-1
-3
-7
-5
-7
-7
-3
-6
-10
-7
-2
-6
-6
-4
-1
3
2
2
2
6
3
6
4
5
5
0
2
-2
1
1
0
1
-3
2
1
1
4
1
2
3
7
5
4
5
3
6
4
6
3
9
6
7
8
4
6
4
8
10
9
10
8
10
11
9
9
7
9
8
3
6
8
10
8
5
2
2
7
6
2
2
1
3
5
5
11
7
7
8
7
8
8
8
7
5
7
5
-1
-1
-5
-2
2
1
-1
-4
-2
1
-1
1
-2
2
3
3
1
0
2
5
2
0
-2
-1
-2
-4
1
-1
-3
-7
-7
-5
-5
-4
-5
-6
-4
0
-2
0
-4
-4
-6
-7
-5
-10
-6
-3
-4
-2
-5
-7
-4
-8
-4
-2
0
-1
-3
-3
-3
1
5
4
4
3
3
4
2
5
4
3
2
2
2
0
4
6
1
3
2
6
7
7
8
5
6
5
6
6
6
3
3
4
4
6
6
6
2
4
2
-1
1
2
4
3
2
5
2
1
1
-3
-1
-5
-6
-6
-10
-5
-6
-5
-6
-8
-8
-6
-3
-4
-4
-4
-4
-8
-5
-5
-2
2
-3
-4
-6
-8
-8
-10
-9
-8
-8
-8
-6
-8
-6
-2
-4
-4
-2
-4
-2
1
-2
0
-1
-3
-5
-7
-4
-5
-5
-8
-7
-5
-10
-8
-7
-5
-3
-5
-1
-2
0
-1
-1
2
1
4
2
1
0
1
2
0
2
2
3
-1
1
1
-1
3
1
3
1
6
5
2
3
2
6
2
0
1
0
2
-3
-1
-1
0
3
1
4
2
7
8
9
9
7
11
9
10
10
7
7
4
7
3
1
1
1
2
-2
2
2
1
3
0
4
4
6
6
5
8
7
12
7
5
6
1
4
2
2
3
1
-1
1
0
-2
0
1
0
-2
0
-1
1
2
2
4
3
1
3
4
4
3
4
7
5
4
5
3
4
4
3
1
1
-1
-3
2
1
1
2
0
-1
-1
1
-1
-2
-1
-1
0
1
4
3
1
3
2
-1
1
-2
-1
0
-3
-4
-4
-2
-4
-3
1
0
0
2
1
-1
0
0
-2
1
1
1
-2
-1
-3
-2
-4
-4
-2
-8
-7
-5
-5
-4
-4
-4
-6
-7
-6
-7
-6
-6
-8
-9
-8
-6
-7
-6
-6
-6
-7
-7
-4
-2
-2
-2
-3
-4
-4
-5
-4
-3
-3
-5
-4
-5
-3
-4
-2
0
-5
-3
-1
-2
-2
-3
-4
-4
-3
-2
-4
-2
-2
-4
-4
-5
-3
-4
-3
1
-1
2
3
4
4
4
1
2
-1
-1
1
1
2
0
3
1
-1
0
1
-3
-4
-2
-3
-1
-1
0
0
0
1
0
1
3
4
4
3
4
3
4
7
5
4
3
3
2
1
2
4
5
5
6
5
8
5
4
5
5
7
1
-1
-1
-1
-2
-1
-2
-3
-2
-5
-4
-3
-4
-3
-3
0
0
1
3
2
3
1
1
-1
0
0
-4
-5
-6
-5
-6
-8
-5
-8
-6
-4
-5
-7
-4
-1
-3
-3
-1
0
0
1
-1
0
-1
-3
-1
-1
-3
-5
-2
-5
-7
-5
-4
-4
-4
-6
-1
0
-3
-3
-3
-2
-5
-4
-6
-6
-6
-6
-4
-4
-1
0
3
2
3
6
4
4
3
3
4
3
3
4
3
2
1
0
2
2
0
-1
1
-2
-3
-2
-3
-3
-2
1
-2
0
2
1
3
3
5
3
4
5
7
8
5
4
2
3
3
3
-1
0
1
1
3
2
5
7
6
7
4
2
2
1
2
1
1
1
1
4
3
4
1
5
5
3
4
1
1
2
3
2
3
3
3
-1
0
4
0
-1
0
1
0
0
2
0
1
0
-1
0
-3
-1
0
-2
-3
-4
-4
-5
-3
-3
-3
-3
-6
-4
-3
-2
-2
-2
-2
-4
-2
-3
-3
-4
-6
-4
-6
-4
-4
-3
-1
-2
-2
0
0
0
1
-2
-1
-5
-6
-6
-8
-5
-6
-7
-3
-6
-5
-3
-4
-3
-1
0
0
-1
0
-1
-4
-4
-3
-2
-3
-4
-5
-4
-1
-2
-1
-1
-3
0
2
3
5
5
7
6
3
1
1
-1
-4
-4
-3
-5
-5
-4
-3
-1
0
-2
-2
-1
2
3
3
1
1
2
2
3
3
1
2
3
1
-1
-2
0
-2
-1
1
-1
-1
-1
-1
2
1
3
3
2
5
3
4
1
0
-1
-5
-3
-4
-3
-3
-3
-3
-2
-4
-3
-4
-2
0
0
0
-1
0
-1
3
4
4
3
2
1
-3
-2
-4
-6
-8
-9
-6
-4
-6
-3
-2
-3
-2
0
-1
1
2
2
2
2
2
-1
2
2
2
4
-1
-1
-2
-1
0
0
-2
-1
0
-2
2
3
5
1
0
0
0
1
0
-1
-3
-4
-5
-4
-3
-3
-3
-5
-2
-1
1
4
2
5
2
3
3
-1
4
0
2
1
-2
0
-1
0
0
-2
-2
-2
1
1
1
4
4
6
5
2
0
-1
2
3
4
3
2
2
2
4
5
2
1
2
4
3
6
7
5
11
9
10
10
12
11
8
8
7
6
6
6
5
5
1
5
3
1
3
5
5
4
3
2
2
3
4
3
5
2
3
-1
-2
1
0
-1
-3
-2
-3
-2
-3
1
3
2
6
6
5
8
7
9
9
6
6
6
2
4
4
2
4
0
1
0
1
2
2
1
-1
5
1
2
4
4
5
6
6
6
7
6
5
4
1
2
0
-1
-1
-1
1
-2
1
-2
-3
-1
-1
3
0
0
1
3
3
2
2
1
0
0
-1
-6
-2
-1
-3
0
-2
0
-2
-1
2
1
2
1
4
5
4
3
5
2
1
4
2
3
2
-1
0
0
-2
-3
-3
-3
-2
-6
-7
-5
-4
-4
-3
-2
-1
-3
-1
-2
-2
-1
-3
-4
-4
-6
-5
-7
-7
-3
-4
-4
-3
-4
-1
0
0
0
0
0
0
-2
-2
-3
-4
-5
-6
-6
-9
-9
-9
-9
-10
-9
-8
-9
-7
-5
-5
-2
-4
-1
0
-2
-2
2
3
1
2
-1
-5
-2
1
1
-2
-2
-1
-2
-1
0
1
0
0
-2
-1
2
0
3
2
2
0
0
1
-1
-1
-2
-6
-4
-5
-8
-5
-5
-6
-6
-5
-4
-4
0
-1
-1
-2
-4
-4
-4
-4
-3
-4
-3
-2
-4
-4
-3
-4
-4
-3
-4
-5
0
-1
-3
1
1
-3
0
-4
-4
-6
-7
-8
-7
-6
-10
-7
-9
-6
-5
-6
-4
-5
-6
-1
0
1
0
0
0
0
1
0
2
-1
-2
-2
1
1
1
1
0
-1
-3
1
4
6
6
7
8
7
5
10
5
4
5
1
2
5
4
0
2
-1
-2
3
3
1
6
5
4
5
7
6
7
10
9
11
9
7
6
5
3
1
5
-2
-1
1
0
1
3
3
2
0
0
1
2
2
2
3
3
4
5
4
4
5
4
4
3
3
4
1
0
-2
-1
-1
0
4
1
3
2
2
1
0
4
2
6
3
-1
-2
-2
1
-1
0
0
-2
-2
-1
-2
0
-1
-2
1
-1
-2
-1
-2
0
0
4
4
4
4
2
2
0
0
0
1
3
3
2
6
6
5
2
3
5
7
6
5
7
5
4
7
7
6
5
6
7
7
6
9
6
8
8
6
5
5
7
7
5
5
6
3
3
-2
0
0
-5
-1
-3
-4
-7
-10
-11
-10
-8
-10
-8
-7
-10
-8
-7
-9
-6
-7
-8
-7
-4
-3
-3
-5
-8
-6
-6
-2
-3
-4
-2
-4
-2
2
2
1
4
4
6
5
6
8
8
8
6
5
9
7
7
4
2
3
2
6
2
1
0
1
3
1
2
2
-1
0
2
-3
-1
-1
-6
-9
-12
-11
-11
-14
-11
-8
-10
-12
-14
-9
-6
-7
-11
-10
-7
-8
-9
-9
-9
-10
-11
-13
-9
-8
-9
-6
-12
-14
-9
-6
-2
-3
-8
-8
-1
2
-2
-1
0
0
4
6
6
0
-2
0
1
1
-1
-4
-6
-1
1
0
-2
-3
-2
-1
3
3
-5
-6
-3
-1
-2
-2
1
-2
-4
-2
0
0
2
-6
-8
-2
-3
0
0
3
2
6
16
11
10
8
10
20
19
14
9
13
17
17
18
12
15
23
23
28
22
16
17
24
22
18
17
8
11
13
10
7
3
-1
-3
3
0
-5
-8
-10
-9
-7
-8
-12
-14
-15
-16
-19
-18
-18
-21
-21
-23
-30
-22
-25
-27
-27
-33
-30
-26
-17
-22
-27
-23
-18
-16
-22
-19
-9
-11
-21
-18
-20
-13
-4
-17
-25
-27
-26
-19
-18
-22
-29
-34
-33
-25
-19
-32
-35
-34
-42
-30
-22
-35
-37
-39
-33
-14
-23
-37
-22
-21
-21
-13
0
1
-3
2
0
13
17
25
36
19
26
34
21
27
27
24
22
3
-7
11
35
42
37
36
10
11
63
203
356
156
-155
4
423
651
474
56
18
419
714
700
624
507
293
363
724
996
967
506
128
466
924
909
633
388
297
277
321
428
445
88
-394
-412
-207
-204
-379
-704
-1009
-1142
-1215
-1180
-1131
-1334
-1815
-2129
-1940
-1681
-1718
-2006
-2218
-2150
-2060
-1895
-1612
-1637
-1849
-1823
-1413
-843
-775
-987
-759
-245
42
54
251
708
985
978
988
1353
1856
1870
1703
1868
2145
2232
2111
2184
2422
2289
1946
1988
2271
2186
1753
1597
1756
1673
1326
1089
1128
1103
718
369
384
413
140
-244
-369
-321
-520
-868
-924
-775
-987
-1464
-1521
-1200
-1140
-1479
-1728
-1532
-1315
-1416
-1483
-1331
-1139
-1136
-1186
-1002
-683
-544
-577
-484
-199
-18
53
225
435
589
574
636
944
1148
1092
1049
1183
1337
1323
1256
1303
1250
1077
945
987
1005
776
448
173
108
135
-113
-531
-748
-933
-1121
-1286
-1493
-1689
-1900
-2080
-2199
-2280
-2344
-2249
-1995
-2080
-2647
-2717
-1979
-1291
-1242
-1814
-2066
-1242
-349
-261
-452
-295
186
456
528
893
1522
1711
1320
1277
1887
2337
2347
2269
2287
2322
2180
2238
2655
2793
2266
1727
1875
2288
2222
1775
1491
1466
1320
908
803
1099
943
176
-325
-143
77
-219
-695
-846
-847
-1181
-1546
-1377
-1089
-1400
-1904
-2063
-1823
-1491
-1570
-1767
-1744
-1652
-1649
-1533
-1150
-879
-1038
-1178
-956
-514
-184
-170
-116
24
118
281
641
962
944
758
816
1122
1421
1498
1339
1273
1265
1205
1290
1397
1299
1054
734
568
683
744
393
-67
-240
-380
-565
-628
-897
-1258
-1447
-1603
-1741
-1802
-2017
-2316
-2236
-2000
-1683
-1862
-2719
-2740
-1675
-983
-1060
-1857
-2150
-1010
-94
-158
-536
-287
309
539
518
861
1631
1870
1207
1028
1756
2415
2483
2071
2076
2128
2082
2151
2614
2726
2044
1456
1624
2261
2192
1645
1210
1195
1150
808
613
1046
875
-123
-695
-419
177
-112
-836
-1306
-1327
-1229
-1299
-1237
-1145
-1794
-2250
-1998
-1466
-1214
-1711
-1981
-1817
-1479
-1404
-1320
-965
-806
-1102
-1162
-629
52
207
-163
-224
171
621
773
900
985
952
899
1120
1505
1713
1492
1184
1252
1473
1462
1382
1363
1084
797
563
705
791
428
-40
-383
-459
-433
-640
-1002
-1283
-1530
-1704
-1879
-1826
-1962
-2365
-2559
-2519
-2221
-1845
-1891
-2612
-2883
-2014
-1263
-966
-1384
-2054
-1372
-268
23
-233
-170
331
736
716
855
1610
2188
1824
1326
1775
2501
2863
2600
2296
2393
2522
2511
2660
2918
2664
2013
1797
2180
2424
2143
1524
1257
1300
1099
727
836
914
204
-556
-613
-124
-65
-842
-1630
-1508
-1223
-1463
-1702
-1822
-1922
-2094
-2304
-2210
-1862
-1830
-2198
-2310
-1986
-1658
-1582
-1565
-1381
-1206
-1184
-1005
-472
-141
-191
-284
49
558
746
845
914
1110
1320
1407
1554
1787
1792
1666
1641
1716
1829
1781
1603
1445
1315
1116
1016
902
826
513
-17
-224
-253
-379
-740
-1145
-1455
-1561
-1708
-1931
-2015
-2244
-2575
-2637
-2666
-2672
-2294
-2186
-2537
-2851
-2746
-2087
-1438
-1371
-1827
-1890
-1257
-462
-86
-151
-42
286
637
708
1023
1967
2387
1817
1715
2063
2521
3104
2731
2611
2579
2648
2998
3012
3026
2456
2172
2159
2273
2417
2092
1658
1302
1080
937
793
742
599
-152
-687
-613
-351
-683
-1323
-1496
-1630
-1783
-1923
-1972
-1921
-2071
-2387
-2574
-2440
-2013
-1941
-2163
-2294
-1988
-1590
-1628
-1353
-1105
-996
-867
-714
-213
189
286
338
533
832
1139
1417
1607
1607
1664
1762
1788
2082
2384
2203
1844
1802
1823
1849
1692
1513
1385
956
827
805
626
153
-224
-383
-679
-849
-1121
-1501
-1869
-1951
-2074
-2406
-2518
-2572
-2926
-3073
-3075
-3012
-2637
-2708
-2838
-2870
-2873
-2567
-1884
-1548
-1723
-1704
-1373
-659
-52
128
203
569
873
1307
1730
2061
2407
2577
2645
2581
3135
3630
3388
3129
3170
3318
3496
3425
3246
3045
2709
2538
2484
2405
2238
1953
1385
1004
813
773
563
101
-298
-692
-970
-1217
-1230
-1363
-1901
-2306
-2376
-2523
-2411
-2418
-2677
-2900
-3047
-2847
-2535
-2399
-2473
-2420
-2378
-2109
-1685
-1298
-1243
-1136
-903
-632
-114
261
553
569
700
1024
1487
1813
1899
1922
2038
2114
2309
2602
2510
2363
2224
2244
2206
2155
1949
1761
1517
1133
1059
963
630
288
-22
-485
-696
-794
-1056
-1519
-1937
-2177
-2320
-2462
-2541
-2651
-3116
-3442
-3210
-3154
-3153
-2836
-2941
-3053
-3137
-2860
-2237
-1792
-1683
-1790
-1606
-1050
-212
172
295
482
860
1300
1742
2232
2609
2797
2728
2785
3151
3706
3850
3585
3318
3326
3464
3590
3524
3133
2782
2553
2390
2327
2239
1835
1349
887
595
470
300
-5
-485
-963
-1298
-1506
-1637
-1617
-2034
-2552
-2744
-2884
-2684
-2562
-2788
-3032
-3251
-3114
-2593
-2355
-2451
-2489
-2329
-2084
-1586
-1115
-1070
-859
-590
-411
89
594
936
1096
1072
1321
1829
2262
2420
2402
2373
2512
2746
2873
2957
2695
2476
2445
2378
2317
2108
1918
1556
1099
953
903
610
151
-284
-628
-960
-1100
-1285
-1868
-2229
-2448
-2663
-2810
-3123
-3229
-3316
-3578
-3689
-3702
-3764
-3611
-3144
-3146
-3455
-3239
-2860
-2400
-1859
-1819
-1702
-1201
-660
-92
339
648
968
1445
1836
2178
2667
3132
3309
3350
3412
3699
4117
4188
4071
3847
3743
3778
3867
3681
3308
3037
2765
2414
2232
2155
1728
1244
727
358
137
-4
-360
-809
-1231
-1717
-1998
-1915
-1925
-2475
-2777
-3135
-3144
-2840
-2822
-3024
-3245
-3238
-3147
-2802
-2479
-2357
-2299
-2224
-2128
-1473
-986
-735
-541
-538
-111
387
920
1199
1257
1357
1592
2023
2455
2523
2577
2532
2478
2698
2844
2929
2639
2373
2186
2139
2101
1910
1631
1162
790
625
441
217
-197
-696
-1056
-1456
-1487
-1730
-2108
-2488
-2855
-2990
-3126
-3247
-3336
-3444
-3591
-3755
-3750
-3361
-3125
-2927
-3226
-3221
-2714
-2131
-1565
-1557
-1419
-1011
-404
131
590
917
1432
1690
1945
2414
2981
3441
3535
3627
3587
3892
4229
4515
4274
3905
3827
3951
3889
3688
3441
3025
2737
2379
2225
1897
1673
1183
626
100
-96
-143
-547
-1060
-1528
-1793
-2239
-2245
-2269
-2608
-3056
-3256
-3297
-3219
-3218
-3154
-3244
-3421
-3248
-3075
-2618
-2484
-2311
-2289
-2142
-1597
-1071
-692
-564
-439
-38
426
805
1322
1382
1567
1741
2072
2514
2646
2773
2786
2685
2664
2943
3157
2864
2449
2423
2202
2116
2064
1764
1272
789
654
479
252
-136
-626
-1112
-1396
-1597
-1668
-2036
-2675
-2868
-2958
-3232
-3407
-3289
-3705
-3807
-3544
-3745
-3696
-3263
-3073
-3188
-3019
-2934
-2232
-1634
-1582
-1376
-946
-476
-23
698
932
1283
1603
1943
2451
3029
3240
3346
3626
3692
3893
4137
4400
4107
4001
3874
3805
3828
3718
3297
2923
2730
2396
2184
1762
1559
1077
616
68
-44
-236
-735
-1152
-1533
-1812
-2221
-2224
-2405
-2714
-3107
-3102
-3187
-3190
-3297
-3214
-3182
-3333
-3058
-2982
-2650
-2486
-2201
-2113
-1928
-1485
-944
-671
-442
-133
182
607
905
1422
1555
1766
1943
2287
2528
2700
2848
2856
2771
2738
2971
3009
2814
2418
2353
2090
1996
1849
1511
1074
691
515
190
-107
-470
-803
-1251
-1593
-1828
-1972
-2402
-2692
-2900
-3229
-3384
-3534
-3663
-3527
-3509
-4006
-3768
-3244
-3191
-3200
-3081
-2946
-2468
-1746
-1644
-1636
-960
-435
-219
247
793
1306
1587
1849
2270
2747
3077
3430
3605
3641
3773
4062
4275
4228
4169
3858
3797
3912
3737
3281
3111
2959
2493
2147
1902
1640
1310
823
222
-20
-180
-525
-1050
-1386
-1691
-2084
-2334
-2387
-2503
-2991
-3294
-3289
-3186
-3191
-3275
-3531
-3323
-3146
-3112
-2729
-2697
-2509
-2220
-2000
-1632
-1221
-931
-493
-170
-1
362
902
1378
1515
1735
1845
2250
2667
2761
2774
2832
3049
3029
2923
2987
3045
2703
2501
2282
2096
2028
1690
1263
908
594
202
109
-331
-889
-1123
-1461
-1866
-2068
-2266
-2656
-2950
-3278
-3549
-3638
-3501
-3600
-3745
-3992
-3946
-3309
-3169
-3174
-3297
-3089
-2314
-1757
-1693
-1538
-958
-405
51
353
843
1347
1823
2128
2332
2857
3425
3622
3610
3917
4024
4151
4389
4441
4239
4033
3983
3935
3819
3457
3165
2850
2593
2253
1915
1537
1251
764
194
-21
-353
-680
-1153
-1531
-1889
-2206
-2497
-2584
-2821
-3101
-3316
-3681
-3444
-3250
-3491
-3718
-3449
-3344
-3224
-2848
-2714
-2667
-2269
-1863
-1686
-1225
-845
-404
-61
187
489
1023
1494
1793
1906
2072
2499
2775
2990
2950
3028
3106
3185
3143
3023
2925
2891
2559
2173
2150
1886
1559
1182
898
329
-3
-114
-530
-1054
-1508
-1836
-2052
-2284
-2656
-3024
-3413
-3460
-3764
-3832
-3881
-3998
-3882
-3828
-3646
-3724
-3512
-3102
-2997
-2777
-2190
-1891
-1643
-1218
-524
-115
140
783
1174
1587
2084
2599
2797
3157
3624
3853
3908
4107
4492
4529
4388
4400
4440
4280
4211
3934
3664
3403
3196
2874
2461
2169
1741
1383
943
437
122
-137
-631
-1114
-1551
-1736
-2130
-2496
-2650
-2999
-3264
-3478
-3582
-3653
-3644
-3806
-3871
-3691
-3644
-3551
-3155
-3043
-2918
-2609
-2343
-1877
-1440
-1017
-879
-514
40
445
842
1189
1501
1804
2007
2360
2754
2815
2926
2998
3082
3102
3208
3116
2935
2886
2568
2308
2293
2104
1558
1259
989
579
249
3
-519
-927
-1194
-1550
-1890
-2301
-2396
-2692
-3037
-3442
-3707
-3605
-3612
-3501
-3611
-4060
-3684
-3284
-3290
-2951
-3154
-2849
-2173
-1782
-1584
-1262
-633
-242
198
538
1055
1566
2076
2359
2711
3031
3475
3896
3832
4056
4228
4386
4356
4450
4385
4231
4065
3960
3772
3349
3272
3031
2634
2133
1771
1467
1258
633
207
-153
-617
-833
-1255
-1670
-2143
-2289
-2666
-2926
-3087
-3201
-3484
-3759
-3731
-3599
-3514
-3719
-3611
-3488
-3270
-3039
-2624
-2553
-2372
-1894
-1479
-1033
-803
-429
-2
412
696
1174
1467
1767
2048
2330
2512
2727
3023
2995
2935
2942
3213
3097
2823
2726
2594
2296
2151
1947
1577
1219
883
494
173
-59
-604
-927
-1300
-1650
-2027
-2223
-2497
-2901
-3243
-3464
-3582
-4078
-3880
-3663
-3917
-3867
-3538
-3763
-3761
-3057
-2894
-2726
-2416
-2084
-1637
-1113
-567
-179
228
678
1240
1734
2003
2535
3115
3312
3552
3899
4216
4413
4522
4598
4599
4637
4579
4473
4411
4143
3776
3703
3495
3030
2751
2367
1877
1521
1139
636
295
-102
-639
-1141
-1522
-1708
-2108
-2507
-2832
-3248
-3547
-3454
-3538
-3882
-4074
-4233
-4080
-3837
-3632
-3802
-3790
-3361
-3064
-2716
-2394
-2063
-1789
-1300
-830
-424
-41
532
897
1067
1618
1983
2365
2641
2868
2854
3136
3515
3540
3381
3326
3529
3310
3194
3069
2851
2433
2309
2005
1517
1314
953
485
-66
-359
-765
-1084
-1513
-1926
-2434
-2706
-2824
-3209
-3532
-3751
-3928
-4374
-4404
-4144
-4082
-4131
-4013
-4141
-4037
-3316
-3044
-2994
-2615
-2312
-1971
-1343
-567
-140
152
599
961
1679
2280
2850
3202
3412
3658
4002
4557
4943
4943
4709
4769
4937
5098
4905
4705
4415
4077
3751
3554
3410
3144
2602
1768
1408
1298
1005
355
-165
-808
-1229
-1543
-1788
-2073
-2599
-3123
-3698
-3637
-3577
-3713
-4011
-4464
-4636
-4309
-4084
-3879
-3786
-4070
-3881
-3332
-2737
-2414
-2168
-1969
-1616
-924
-393
109
537
772
1074
1510
2150
2685
2805
2829
3083
3331
3671
3893
3778
3633
3493
3587
3568
3436
3112
2765
2343
2043
1996
1571
1077
522
91
-336
-642
-970
-1520
-2024
-2460
-2755
-2946
-3249
-3695
-3836
-4268
-4576
-4581
-4444
-4298
-4370
-4311
-4476
-4192
-3729
-3337
-3226
-2973
-2501
-2127
-1474
-1067
-361
65
483
862
1517
2305
2709
3138
3353
3788
4096
4662
4910
5078
4968
5003
5228
5166
5156
4858
4710
4299
4023
3706
3612
3225
2788
2094
1530
1414
994
556
-191
-579
-1177
-1502
-1956
-2199
-2608
-3210
-3480
-3697
-3905
-4311
-3926
-4208
-4690
-4721
-4281
-4074
-4064
-3852
-3948
-3647
-2882
-2422
-2410
-1985
-1483
-936
-538
55
521
889
1335
1694
2223
2596
2881
3212
3419
3488
3741
3892
4177
3899
3592
3745
3841
3504
2929
2947
2664
2095
1859
1577
991
508
191
-296
-925
-1217
-1614
-2102
-2540
-2953
-3126
-3461
-3840
-4085
-4415
-4653
-4711
-4667
-4379
-4458
-4426
-4272
-4422
-3916
-3218
-3055
-2878
-2712
-1946
-1360
-793
-193
72
760
1028
1843
2479
2966
3365
3731
3951
4330
4828
5043
5471
5138
5117
5080
5467
5371
5022
4589
4236
4121
3847
3708
3057
2688
2059
1633
1099
960
482
-133
-894
-1407
-1618
-2050
-2199
-2931
-3312
-3873
-3896
-4000
-4081
-4343
-4593
-4821
-4814
-4245
-4179
-4032
-4195
-3903
-3602
-3001
-2465
-2156
-2053
-1603
-942
-380
283
526
964
1222
1815
2281
2767
3031
3200
3360
3519
3878
4119
4137
3777
3747
3664
3730
3559
3125
2833
2433
2026
1760
1537
1097
376
-100
-529
-974
-1254
-1772
-2147
-2774
-3213
-3269
-3423
-3875
-4366
-4584
-4814
-4768
-4377
-4271
-4377
-4531
-4676
-4148
-3586
-3100
-2796
-2906
-2602
-1873
-1136
-386
69
397
742
1251
2185
2899
3413
3493
3669
4052
4554
5112
5338
5387
5115
4937
5187
5595
5319
4911
4391
4052
3979
3779
3577
2984
2296
1651
1409
1094
799
318
-503
-1236
-1636
-1746
-2002
-2492
-3146
-3676
-3984
-3770
-3919
-4480
-4550
-4495
-4866
-4495
-4278
-4107
-3887
-4083
-3700
-3413
-2623
-2259
-1931
-1878
-1379
-462
6
497
725
1079
1401
2236
2501
2927
2917
3153
3600
3668
3835
3835
4024
3742
3587
3342
3615
3334
2854
2400
2073
1808
1558
1194
466
47
-535
-667
-1224
-1643
-2302
-2533
-2922
-3402
-3550
-3779
-4158
-4723
-4613
-4961
-4537
-4256
-4289
-4644
-4618
-4171
-3661
-3183
-2935
-2703
-2705
-1947
-1294
-302
-18
384
692
1249
2215
2780
3329
3551
3858
3861
4554
5118
5517
5180
5109
5143
5176
5507
5311
5013
4406
4265
3892
3845
3597
3179
2345
1677
1480
1180
858
206
-401
-1182
-1516
-1869
-1948
-2489
-3103
-3628
-3973
-3931
-3970
-4072
-4565
-4737
-4827
-4486
-4288
-4041
-3885
-3981
-3926
-3347
-2552
-2193
-1947
-1782
-1336
-758
194
657
839
1077
1440
2053
2610
3099
3176
3216
3336
3670
3920
4094
4019
3713
3521
3468
3433
3395
3130
2368
1830
1661
1606
1200
522
-74
-604
-1020
-1259
-1546
-2211
-2747
-3031
-3415
-3654
-3754
-4183
-4556
-4883
-4864
-4565
-4266
-4128
-4587
-4624
-4347
-3541
-2947
-2720
-2796
-2724
-1838
-1042
-242
99
575
640
1314
2199
2971
3510
3532
3904
3964
4599
5111
5595
5334
5101
4983
5113
5502
5372
5012
4239
4034
3878
3846
3476
3050
2183
1602
1257
987
792
179
-599
-1487
-1708
-1968
-2054
-2648
-3192
-3857
-4157
-4032
-3938
-4075
-4746
-4928
-4918
-4390
-4055
-3924
-4181
-4094
-3626
-3121
-2405
-2103
-1941
-1631
-1046
-548
175
819
959
1158
1657
2106
2677
3173
3273
3190
3279
3641
4046
4069
3826
3550
3411
3441
3328
3143
2673
2223
1814
1534
1295
856
398
-181
-788
-1128
-1408
-1640
-2262
-2816
-2988
-3507
-3620
-3716
-4127
-4666
-4736
-4470
-4295
-4000
-4104
-4543
-4511
-3743
-3193
-2784
-2587
-2581
-2278
-1571
-491
-22
241
643
1018
1742
2466
3302
3548
3690
3942
4223
4825
5348
5680
5197
4972
5088
5429
5495
5173
4674
4162
3987
3780
3682
3284
2728
1837
1327
1155
934
522
-172
-1019
-1688
-1941
-2078
-2351
-2990
-3472
-3971
-4287
-4281
-3799
-4383
-4902
-4709
-4953
-4548
-4003
-3650
-4146
-4150
-3597
-2933
-2218
-1789
-1646
-1701
-1143
-189
666
735
1146
1220
1485
2320
2857
3294
3157
3075
3137
3527
4037
4111
3535
3212
3101
3117
3218
3123
2383
1619
1636
1236
1074
756
124
-669
-1224
-1212
-1412
-1965
-2447
-2938
-3498
-3512
-3623
-3885
-4477
-4670
-4559
-4303
-3793
-4152
-4438
-4282
-3846
-3318
-2869
-2541
-2615
-2217
-1594
-896
-185
351
715
800
1502
2384
3248
3528
3687
3874
4149
4746
5255
5531
5190
5176
5058
5355
5484
5312
4821
4292
4162
3840
3770
3444
2903
2053
1569
1187
1064
716
-11
-914
-1549
-1735
-1962
-2223
-2967
-3430
-3992
-4046
-4006
-4015
-4474
-4914
-4789
-4681
-4427
-4318
-4058
-4126
-3900
-3630
-3004
-2486
-2073
-1724
-1677
-1129
-294
422
648
1027
1188
1631
2273
2845
3038
3065
3192
3309
3721
3880
3880
3586
3490
3330
3189
3160
3050
2588
1892
1689
1521
1126
691
259
-488
-1015
-1091
-1365
-1999
-2401
-2871
-3340
-3494
-3638
-3977
-4503
-4753
-4622
-4126
-4039
-4208
-4569
-4596
-3777
-3231
-2945
-2916
-2878
-2466
-1608
-681
-359
67
466
790
1442
2360
3149
3385
3591
3738
4173
4740
5352
5525
5183
4940
5016
5556
5596
5349
4707
4256
4209
4125
3926
3493
2929
2143
1655
1362
1151
834
111
-917
-1544
-1662
-1696
-2173
-2836
-3546
-4067
-4029
-3840
-3872
-4569
-5046
-4915
-4602
-4545
-4206
-4236
-4395
-4030
-3636
-3040
-2641
-2145
-2061
-1766
-1201
-413
328
559
745
1023
1650
2170
2766
2950
3025
2975
3277
3864
3918
3803
3602
3539
3328
3363
3325
3113
2567
2038
1840
1571
1249
909
336
-516
-797
-1008
-1260
-1716
-2333
-2924
-3176
-3326
-3617
-3829
-4509
-4749
-4451
-3876
-3955
-4510
-4559
-4348
-3771
-3265
-2952
-3076
-2983
-2284
-1583
-830
-351
-77
163
732
1474
2345
2971
3056
3477
3646
4109
4719
5260
5382
4958
4790
5062
5676
5485
5089
4616
4360
4200
4136
4001
3550
2883
2194
1768
1481
1510
917
58
-853
-1166
-1373
-1594
-2047
-2766
-3388
-3907
-3749
-3654
-3825
-4660
-4963
-4723
-4409
-4404
-4402
-4317
-4319
-4037
-3584
-3009
-2770
-2280
-2074
-1846
-1223
-449
2
358
574
931
1503
2003
2500
2684
2828
2709
3220
3639
3679
3490
3401
3427
3313
3241
3147
2998
2447
2227
1865
1565
1282
956
367
-296
-580
-927
-1143
-1695
-2334
-2633
-2895
-3282
-3538
-3932
-4315
-4234
-3703
-3672
-4303
-4576
-4374
-3607
-3203
-3136
-3160
-3117
-2513
-1871
-1146
-815
-477
-168
302
990
1796
2556
2596
2835
3079
3721
4305
4789
4896
4728
4560
4641
5447
5489
5043
4364
4342
4312
4270
4092
3617
3132
2440
2052
1822
1788
1247
593
-423
-878
-947
-1012
-1555
-2396
-2973
-3433
-3403
-3501
-3431
-4188
-4839
-4763
-4292
-4286
-4275
-4275
-4520
-4263
-3906
-3198
-2975
-2595
-2474
-2279
-1844
-911
-149
-215
90
405
860
1516
2265
2271
2307
2411
2707
3315
3576
3512
3233
3164
3109
3322
3322
3127
2660
2202
2086
1882
1702
1417
768
54
-268
-426
-637
-1067
-1760
-2305
-2579
-2898
-2960
-3411
-4008
-4122
-3866
-3295
-3818
-4380
-4354
-3897
-3432
-3161
-2946
-3302
-2800
-2240
-1637
-1144
-661
-354
-299
422
1185
2138
2137
2469
2776
3138
3735
4217
4741
4565
4503
4291
4961
5361
5181
4589
4223
4376
4283
4184
3898
3451
2841
2523
2015
1935
1757
1253
171
-429
-503
-747
-1061
-1795
-2285
-3053
-3224
-3241
-3214
-3613
-4192
-4684
-4662
-3958
-4013
-4113
-4444
-4464
-4053
-3522
-3006
-2858
-2825
-2655
-2047
-1367
-849
-263
-281
-162
635
1185
1585
2012
2288
2184
2429
2870
3323
3431
3283
3075
2921
3204
3411
3196
2669
2436
2168
2037
1937
1542
1049
551
68
-233
-523
-738
-1176
-1880
-2349
-2604
-2677
-3113
-3341
-4015
-4283
-3594
-3094
-3529
-4543
-4420
-3808
-3135
-2840
-3091
-3292
-2826
-2067
-1371
-991
-776
-506
-201
426
1142
2086
2299
2448
2689
3051
3617
4252
4756
4576
4164
4036
4920
5492
5188
4296
4127
4280
4300
4242
3793
3483
2796
2392
2082
2006
1835
1233
226
-479
-590
-619
-937
-1683
-2381
-3061
-3242
-2967
-2684
-3749
-4600
-4281
-4437
-4058
-3541
-4204
-4460
-4351
-3847
-3382
-2972
-2486
-2878
-2665
-2202
-1017
-452
-388
-253
-115
452
1345
2015
1988
2183
1807
2554
3052
3443
3302
2923
3106
2901
3140
3316
3393
2413
2169
2273
1885
1801
1908
835
112
-46
-215
-241
-946
-1299
-2184
-2323
-2523
-2620
-3055
-3689
-4115
-3999
-3113
-3277
-3874
-4645
-4089
-3610
-3089
-2857
-3234
-3171
-2739
-1897
-1351
-895
-636
-543
-475
582
1628
1970
2036
2325
2605
3040
3658
4219
4577
4162
3925
4096
5008
5302
4753
4094
4051
4312
4165
4106
3754
3332
2724
2215
2103
2295
1849
835
0
-270
-294
-584
-1098
-1747
-2443
-3050
-2993
-2707
-2863
-3961
-4603
-4062
-3984
-4135
-3869
-4220
-4410
-4052
-3673
-3473
-2932
-2512
-2903
-2567
-1939
-943
-559
-575
-348
138
615
1187
1907
1864
1996
1923
2688
3122
3248
3129
2883
3215
3102
3148
3155
3132
2514
2246
2292
2023
1804
1677
843
248
236
-63
-436
-968
-1298
-1874
-2148
-2462
-2621
-3042
-3649
-3959
-3864
-3162
-3101
-3817
-4603
-4195
-3360
-3011
-2930
-3186
-3221
-2655
-1963
-1237
-806
-601
-778
-426
743
1609
1975
1887
2276
2544
3075
3617
4155
4446
4196
3838
3871
4977
5391
4796
3851
3851
4343
4315
3944
3743
3275
2595
2286
2101
2291
1854
892
19
-203
-303
-498
-1027
-1673
-2403
-3032
-2927
-2744
-2717
-3789
-4593
-4313
-3958
-3931
-3817
-4047
-4454
-4303
-3742
-3292
-2910
-2493
-2818
-2815
-2115
-843
-393
-513
-466
-59
554
1175
2057
2046
1795
1792
2598
3175
3382
3224
2924
2988
3049
3328
3295
3159
2593
2124
2153
2285
1985
1554
1026
323
-66
163
-37
-935
-1416
-1974
-2143
-2283
-2494
-2983
-3716
-4110
-4081
-3534
-3147
-3381
-4367
-4831
-4087
-3069
-2603
-3019
-3531
-3196
-2382
-1458
-852
-546
-755
-702
50
1151
2265
2271
2106
2237
2871
3584
4183
4447
4467
4230
3772
4519
5414
5526
4570
3741
3946
4431
4425
4104
3544
2807
2351
2028
2212
2216
1453
244
-383
-491
-400
-701
-1398
-2208
-2988
-3188
-3179
-2881
-3115
-3907
-4987
-4909
-3723
-3922
-4324
-3966
-4326
-4503
-3839
-3014
-2653
-2560
-2581
-2638
-1686
-781
29
-50
-256
274
973
1653
2335
2622
2060
2298
2742
3554
3835
3602
3146
3012
3404
3458
3461
3248
2844
1987
1965
2227
1981
1435
946
-9
-260
-201
-404
-799
-1815
-2261
-2528
-2451
-2885
-3211
-3894
-4503
-4508
-3718
-3167
-3797
-4714
-5072
-3999
-3255
-2769
-3284
-3427
-3147
-2414
-1598
-948
-298
-568
-504
-166
1473
2425
2537
2241
2399
3146
3767
4450
4701
4994
4288
4018
4684
5762
5648
4610
3941
4058
4563
4432
4158
3536
2955
2207
1948
2134
2298
1374
67
-561
-650
-476
-878
-1527
-2539
-3071
-3478
-3379
-3158
-3485
-4309
-5002
-4743
-4398
-4109
-4326
-4504
-4470
-4433
-4073
-3245
-2667
-2671
-2914
-2521
-1620
-707
-157
-206
28
377
1153
1908
2478
2420
2393
2684
3102
3736
3863
3809
3470
3458
3543
3710
3705
3420
2936
2411
2238
2292
2185
1544
762
253
118
-269
-561
-942
-1783
-2352
-2448
-2741
-2906
-3336
-3968
-4430
-4622
-4317
-3747
-3318
-4565
-5417
-4677
-3418
-2940
-3113
-3501
-3648
-2916
-1822
-814
-680
-519
-762
-186
974
2199
2790
2296
2348
2946
3966
4204
4796
5211
4803
4118
4409
5609
6204
5352
3944
4089
4555
4798
4382
3965
3156
2379
2155
2138
2267
1711
566
-684
-822
-638
-702
-1570
-2381
-3068
-3713
-3788
-3387
-3218
-4086
-4884
-5471
-4921
-3874
-4137
-4656
-4294
-4801
-4488
-3322
-2622
-2428
-2747
-2669
-2278
-638
16
255
113
67
851
1899
2711
2786
2736
2266
3008
3618
4218
4172
3625
3235
3285
3892
3957
3743
3031
2493
1957
2237
2391
1860
918
261
-378
-366
-293
-970
-1593
-2660
-2848
-2837
-2765
-3440
-4020
-4669
-4901
-4203
-3464
-3548
-5051
-5262
-4444
-3406
-3174
-3244
-3431
-3317
-2708
-1859
-927
-381
-352
-634
90
1242
2535
2736
2411
2516
3231
3889
4446
4967
5078
4725
4078
4713
5791
5989
4706
4035
4285
4536
4475
4160
3788
2902
2198
2023
2241
1971
1364
163
-710
-750
-636
-987
-1781
-2530
-3244
-3602
-3647
-3305
-3635
-4467
-4820
-4716
-4818
-4145
-4006
-4931
-4215
-4249
-4262
-3307
-2531
-2428
-2938
-2231
-1568
-655
-156
129
361
408
1150
2034
2631
2479
2715
2678
3255
3668
3864
3982
3594
3533
3428
3704
3755
3523
2893
2666
2146
2019
2179
1603
642
259
-37
-478
-594
-1301
-1703
-2499
-2758
-2815
-2982
-3658
-4180
-4409
-4672
-4298
-3454
-3516
-5204
-5272
-4250
-3231
-3175
-3207
-3530
-3332
-2555
-1628
-625
-612
-535
-632
372
1473
2600
2627
2305
2629
3407
4052
4349
4996
5073
4790
4030
4729
5973
6043
4563
3899
4339
4624
4425
4034
3731
2678
2137
2016
2226
1816
1151
1
-861
-775
-684
-1149
-2009
-2641
-3318
-3721
-3782
-3304
-3771
-4787
-5188
-4596
-4557
-4645
-3985
-4744
-4805
-4112
-3967
-3392
-2608
-2497
-2785
-2267
-1394
-418
-72
46
527
753
1281
2167
2985
2717
2671
2945
3527
4170
3952
3960
3927
3756
3627
3893
3933
3616
2838
2611
2538
2000
1975
1708
676
-131
-43
-353
-876
-1457
-1857
-2590
-3089
-2873
-3036
-3836
-4509
-4615
-4776
-4563
-3740
-3508
-4980
-5729
-4523
-3130
-3170
-3474
-3529
-3314
-2662
-1809
-715
-366
-549
-689
171
1365
2625
2863
2503
2487
3289
4336
4585
4997
5192
5041
4156
4597
5996
6359
4993
3879
4249
4723
4625
4141
3875
2793
2074
1917
2205
1962
1140
74
-902
-1033
-767
-1000
-2028
-2675
-3399
-3754
-3899
-3471
-3607
-4796
-5564
-4946
-4077
-4681
-4728
-4238
-4755
-4709
-3925
-3311
-2737
-2748
-2441
-2487
-1470
-485
58
293
110
950
1423
2310
2765
3256
2818
2849
3548
4424
4573
3786
4033
4019
4169
3792
4189
3970
3083
2543
2716
2570
1926
1808
1074
148
-298
-111
-643
-1222
-2179
-2404
-3039
-3063
-2989
-3897
-4246
-4996
-4899
-4988
-4501
-4020
-3974
-5456
-6135
-4156
-3019
-3097
-3817
-3744
-3290
-2337
-1288
-510
-218
-722
-442
658
2081
3106
3079
2471
2729
4047
4779
5034
5223
5493
5071
4256
5175
6591
6458
4792
3723
4300
5052
4673
4083
3487
2395
1759
1918
2119
1633
688
-602
-1304
-1215
-920
-1485
-2512
-3234
-3810
-4127
-4089
-3617
-4056
-5334
-5986
-5003
-4310
-4886
-4834
-4578
-5211
-4546
-3529
-3401
-2798
-2650
-2492
-2227
-858
-193
172
575
446
1434
1991
2749
3289
3563
3055
3376
4305
4924
4878
4085
4459
4396
4491
4308
4419
3968
2981
2785
2928
2567
1747
1622
846
-186
-386
-119
-1022
-1879
-2476
-2728
-3280
-3515
-3323
-4348
-4973
-5242
-5076
-5370
-5099
-4305
-4177
-5679
-6428
-4376
-3058
-3326
-3852
-3635
-3239
-2329
-1154
-322
-204
-375
-129
929
2352
3285
3490
2789
3059
4339
5328
5300
5336
5836
5523
4616
5198
6845
6656
4953
3814
4402
5140
4708
4008
3461
2375
1681
1835
1861
1436
474
-686
-1618
-1548
-1176
-1728
-2869
-3520
-3965
-4466
-4421
-3950
-4142
-5482
-6328
-5493
-4302
-4646
-5312
-4741
-4765
-4883
-3566
-3034
-3009
-2603
-2250
-2006
-988
186
446
638
682
1572
2419
2915
3483
3838
3412
3471
4535
5186
5187
4355
4310
4608
4775
4476
4351
3983
3126
2728
2761
2624
1745
1332
806
-185
-770
-373
-1016
-2137
-2740
-2954
-3402
-3821
-3575
-4267
-5229
-5561
-5092
-5410
-5480
-5091
-4347
-4851
-6218
-5284
-3700
-3061
-3543
-3426
-3364
-2634
-1288
-322
62
-10
238
757
2078
3223
3954
3461
3143
4113
5436
5734
5439
5874
5974
5385
5011
6151
6855
5981
4317
3929
4743
4827
4292
3500
2620
1643
1532
1531
1337
583
-579
-1630
-2013
-1634
-1842
-2720
-3613
-4051
-4615
-4778
-4430
-4099
-5018
-6275
-6094
-4890
-4313
-5081
-4897
-4648
-5065
-3832
-2785
-3047
-2573
-2091
-1918
-1294
219
713
667
969
1590
2539
2841
3584
4077
3979
3560
4454
5300
5418
4971
4445
4669
4704
4876
4476
4112
3349
2898
2738
2745
2015
1149
973
119
-805
-642
-756
-2198
-2565
-3094
-3414
-3833
-3959
-4152
-5081
-5446
-5434
-5157
-5799
-5923
-5518
-4746
-4489
-5352
-5821
-4384
-2944
-2967
-3153
-3259
-2356
-1065
-294
-129
726
1164
1062
1925
3311
4365
4122
3775
4445
5451
5730
5774
6026
6290
5969
5291
5483
6443
6555
5000
3676
4082
4791
4194
3121
2561
1970
1158
847
811
459
-533
-1811
-2309
-2218
-2407
-2936
-3644
-4257
-4747
-5050
-4883
-4492
-4759
-5867
-6304
-5516
-4376
-4502
-5407
-4545
-3709
-4344
-3370
-2172
-2401
-1968
-1064
-864
-365
1034
1454
1566
1897
2663
3335
3504
4204
4820
4479
4048
5132
5655
5357
4788
4593
4930
4705
4209
3950
3713
2949
2429
2130
1942
1088
376
276
-484
-1757
-1534
-1486
-2948
-3530
-3500
-3835
-4784
-4615
-4543
-5411
-5949
-5534
-5524
-6212
-5927
-5151
-4343
-4608
-5578
-5570
-3515
-2539
-2604
-2631
-2769
-1626
-373
561
740
1417
1615
1700
2724
4095
5210
4508
4097
4921
6078
6119
6009
6416
6266
5634
5108
5832
6527
5983
4259
3274
3791
4448
3648
2428
1925
988
464
379
268
-284
-1275
-2743
-3005
-2540
-2860
-3490
-4246
-4640
-5308
-5298
-4874
-4470
-5072
-6193
-6114
-4935
-4204
-4742
-4482
-3771
-4058
-3648
-2277
-1926
-1440
-1104
-666
-395
642
1970
2101
2127
2268
3462
3601
4141
5117
5042
4173
4364
5605
5835
5332
4445
4701
4548
4234
4028
3813
3110
2197
1794
1657
1340
388
125
-575
-1712
-2055
-1612
-2370
-3472
-3948
-4034
-4477
-4832
-4452
-5090
-5936
-6089
-5265
-5565
-6125
-5841
-4973
-4271
-4197
-4921
-5297
-2999
-1943
-2061
-2282
-1954
-669
297
825
1188
2256
2230
2228
3231
4694
5295
4611
4618
5243
6097
6066
5933
6255
6120
5581
4905
5259
6062
5561
3731
2701
3423
3986
2760
1594
1426
598
-190
-271
-302
-916
-1963
-2997
-3173
-3089
-3328
-3730
-4403
-4819
-5234
-5147
-4868
-4616
-4852
-5712
-5869
-4779
-3855
-3837
-3964
-3795
-3340
-2839
-1760
-1269
-851
-507
-313
268
1419
2338
2351
2617
2753
3463
3920
4760
5149
4654
4246
4496
5494
5490
5159
4390
4134
3999
4025
3824
3249
2450
1616
1344
1027
963
44
-653
-1306
-2007
-2263
-2198
-2779
-3705
-3981
-4664
-4658
-4377
-4636
-5260
-5653
-5708
-5412
-5172
-5462
-5454
-4989
-4081
-3339
-3953
-4749
-2928
-1147
-1580
-1658
-1197
-249
519
1087
1884
2431
2622
2536
3511
4407
5146
5082
4751
5006
5530
6210
5732
5621
5845
5828
4571
4343
5458
5325
3638
2230
2845
3132
2310
1252
1105
259
-627
-772
-823
-1268
-2112
-2927
-3508
-3360
-3541
-3582
-4320
-4680
-4809
-4991
-4925
-4605
-4260
-4985
-5435
-4621
-3267
-3821
-4191
-2749
-2147
-2631
-1937
-1122
-609
-79
538
1117
1036
1846
2689
3188
3064
3746
4095
3753
4549
5298
5018
4233
4713
5124
4968
4132
4119
4366
3497
2824
2688
2598
1763
1085
621
282
-543
-982
-904
-1819
-2915
-2905
-2985
-3643
-4022
-4262
-4643
-5201
-4849
-4766
-5231
-5530
-5252
-5009
-5424
-5417
-4638
-3786
-3306
-2908
-4181
-4140
-1489
-415
-756
-1183
-893
393
1328
1885
2521
3022
2578
2506
4023
5263
5528
4840
4486
4784
5675
6056
5731
5442
5208
4946
3873
4419
5360
4608
2437
1418
2493
2843
1677
759
461
-722
-1235
-937
-799
-1646
-2726
-3480
-3554
-3403
-3287
-3494
-4472
-4743
-4878
-4576
-4385
-3910
-4012
-4993
-5162
-3692
-2462
-3368
-3476
-2259
-2033
-1953
-1041
-358
132
65
926
1345
1846
2507
2954
3277
3130
4009
3971
4349
4634
5040
4519
4194
4654
4913
4813
3625
3765
3568
3185
2503
2360
1907
1029
496
368
-72
-1184
-1164
-1481
-2408
-3161
-2804
-3297
-3873
-4261
-4256
-4679
-5082
-4476
-4788
-5129
-5327
-4622
-4817
-4892
-4745
-4245
-3952
-3270
-1900
-2847
-3980
-2201
316
-378
-696
-477
563
1196
1723
2672
2994
3195
2449
3632
4386
5280
5227
4591
4304
4847
5958
5337
5055
4813
5053
3708
3334
4404
4619
2926
1101
1634
2181
1632
447
532
-538
-1581
-1351
-1036
-1590
-2413
-2997
-3655
-3580
-3362
-2999
-3990
-4429
-4501
-4479
-4312
-3818
-3288
-4213
-4857
-4014
-2242
-2431
-3301
-2630
-1196
-1621
-1153
55
91
314
692
1840
1677
2425
2714
3133
3346
3531
4335
3756
4257
4501
4921
4026
4060
4624
4421
3831
3144
3557
3027
2506
1743
1838
1132
540
272
-263
-975
-1613
-1394
-2042
-2817
-3143
-3085
-3822
-3894
-4040
-4230
-4780
-4700
-4267
-4726
-4681
-4702
-4248
-4505
-4456
-4164
-3735
-3461
-2268
-1420
-2859
-3530
-955
683
-291
-70
-69
900
1380
2172
2765
3132
3057
2508
3643
4286
5537
4942
4074
3849
4942
5562
4762
4607
4492
4388
2899
3177
4073
4081
1992
631
1402
1684
1146
330
119
-1209
-1721
-1373
-1119
-1823
-2299
-3119
-3749
-3263
-2898
-2911
-4009
-4066
-4052
-3999
-3865
-3117
-3024
-3983
-4230
-3269
-2117
-2209
-2111
-2071
-1509
-1271
-906
253
946
294
457
1561
1937
2447
2854
3212
2715
3074
3830
4156
4141
4161
4035
3398
3748
4387
4264
3159
2896
2794
2551
2257
2028
1567
480
151
33
-296
-821
-1244
-1852
-2214
-2649
-2815
-2829
-3234
-3799
-4132
-3963
-3990
-3995
-4137
-4182
-4489
-4280
-3866
-3769
-3905
-3816
-3615
-3525
-2591
-1447
-1087
-2684
-2646
-280
506
154
415
447
622
1448
2283
2992
3135
2810
2616
3312
4240
5090
4559
3684
3743
4541
4726
4280
4337
4120
3590
2437
2825
3726
3196
1488
714
1036
1089
826
316
-145
-1345
-1712
-1349
-1255
-1671
-2203
-3074
-3326
-2997
-2765
-2769
-3452
-3580
-3718
-3661
-3364
-2785
-2681
-3233
-3339
-2766
-2591
-1896
-856
-1519
-1664
-1246
-484
579
884
772
742
1031
1855
2720
2882
2914
2882
2794
3176
3942
4375
3873
3112
3172
3660
3955
3537
3126
2671
1933
1843
2085
2000
944
136
-38
-384
-667
-608
-1041
-2010
-2580
-2637
-2343
-2604
-3179
-3449
-3781
-4013
-3594
-3400
-3618
-4049
-4031
-3822
-3781
-3226
-3166
-3402
-3783
-3129
-1988
-1151
-1253
-2652
-2150
-308
242
252
337
194
714
1316
1872
2652
3122
2400
2109
2874
4022
4642
3867
3476
3416
4080
4054
4009
4129
3869
3080
2156
2736
3419
3100
1331
733
971
1136
826
489
24
-1165
-1503
-1168
-852
-1294
-1937
-2808
-2756
-2595
-2403
-2438
-2853
-3068
-3479
-3313
-2933
-2192
-2490
-3226
-3324
-2476
-1819
-1781
-1589
-1419
-1221
-1193
-472
504
612
139
840
1336
1516
2132
2579
2522
2428
2902
3002
3326
3507
3650
3168
2923
3300
3457
3282
2643
2469
2119
1865
1702
1622
1029
321
-6
-146
-264
-852
-1101
-1386
-1952
-2463
-2235
-2269
-2859
-3135
-3195
-3403
-3452
-3155
-3255
-3409
-3708
-3486
-3155
-3108
-3083
-3181
-3127
-2924
-2294
-1466
-1015
-2119
-2651
-903
211
79
-87
-140
318
862
1407
1972
2411
2252
1825
2300
3243
4130
3800
3155
2991
3566
3900
3713
3750
3556
3376
2269
2386
3312
3230
1952
840
1109
1437
1115
622
560
-387
-1048
-938
-574
-698
-1289
-2135
-2482
-2171
-2074
-2024
-2528
-2707
-3043
-3171
-2937
-2377
-2219
-2900
-3180
-2520
-2030
-2397
-1435
-1031
-1888
-1566
-884
-28
198
179
626
340
890
1838
2421
1932
2173
2508
2178
2867
3496
3735
2541
2535
2978
3438
3094
2622
2718
1955
1642
1731
2097
1347
620
24
323
6
-445
-298
-820
-1817
-2136
-1484
-1795
-2244
-2736
-2551
-3375
-3165
-2332
-2735
-3403
-3605
-2991
-3125
-3143
-2874
-2630
-3457
-3267
-2336
-1518
-1332
-2201
-2695
-1522
-367
-404
-21
-537
-267
210
948
1407
2029
2270
1305
1593
2719
4048
3372
2672
2797
3480
3441
3336
3842
3583
3214
2234
2513
3133
3316
2313
1273
1198
1529
1518
937
976
191
-613
-749
-247
-234
-710
-1777
-2221
-1821
-1822
-1847
-2314
-2386
-2830
-3175
-3027
-2335
-2271
-2892
-3321
-3035
-2108
-1895
-2202
-2635
-1339
-1278
-2127
-505
404
-546
-875
585
1193
840
1492
1911
1616
1727
2908
2930
2461
3002
3295
2950
2572
3553
3710
2908
2348
2629
2847
2271
1921
1747
1592
842
575
752
701
-443
-837
-456
-996
-1683
-1425
-1429
-2659
-2694
-2146
-2367
-3455
-2916
-2479
-3483
-3510
-2844
-2720
-3400
-3294
-2986
-3002
-3203
-2697
-1851
-1547
-2157
-2712
-1690
-780
-535
-419
-736
-638
223
860
1121
1493
1819
1421
1428
2303
3561
3433
2479
2574
3243
3647
3303
3565
3523
3193
2667
2631
3224
3186
2622
1578
1409
1803
1748
1178
1051
566
-117
-376
-322
30
-430
-1456
-1946
-1572
-1587
-1775
-2109
-2288
-2632
-3028
-2797
-2413
-2231
-2832
-3255
-3148
-2506
-1858
-1803
-2563
-2673
-1347
-1260
-1533
-298
-147
-1005
-543
825
1250
1014
1263
1460
1714
1961
2866
3030
2481
2593
3013
3093
3011
3539
3287
2677
2271
2776
3060
2451
1950
1606
1381
1139
1095
990
627
-467
-738
-336
-741
-1340
-1317
-1794
-2535
-2474
-2141
-2341
-3134
-2981
-2898
-3371
-3325
-2723
-2960
-3506
-3412
-3195
-3062
-3121
-2871
-2539
-2070
-2155
-2540
-2164
-1249
-942
-793
-845
-836
-43
366
696
1120
1611
1409
1238
1933
3036
3265
2602
2632
3076
3549
3415
3457
3546
3447
3208
2782
3001
3414
3181
2140
1595
2009
2127
1486
1237
1099
357
-200
-90
202
-173
-1063
-1584
-1534
-1567
-1641
-1854
-2344
-2561
-2712
-2848
-2725
-2450
-2575
-3182
-3431
-2931
-2302
-2322
-2222
-2437
-2942
-1897
-1005
-1092
-661
-855
-915
-309
856
1550
904
1056
1425
2041
2258
3112
3259
2472
2632
3163
3869
3508
3704
3222
3098
2906
3076
3510
2893
2232
1530
1789
1677
1640
966
598
-262
-672
-230
-415
-1259
-1858
-1883
-2524
-2472
-2346
-2164
-3464
-3644
-3091
-3149
-3390
-3383
-3158
-3878
-3819
-3453
-2973
-3546
-3433
-3267
-2890
-2139
-1914
-2534
-2699
-1279
-954
-807
-933
-337
114
262
613
1275
1901
1530
1698
2379
3086
3135
3072
3159
3505
3619
3630
3680
3794
4000
3564
2948
3093
3746
3241
2303
2038
2252
1972
1418
1400
1126
311
-216
-39
-100
-592
-1173
-1524
-1717
-1969
-2055
-2193
-2529
-2768
-2981
-3221
-3084
-2855
-2955
-3421
-3581
-3122
-2805
-2692
-2377
-2366
-3028
-2280
-964
-1154
-790
-613
-682
-133
836
1503
1318
1639
1703
2255
2643
3381
3745
3078
3142
3565
4221
3939
4137
3856
3444
3304
3468
3794
3208
2543
1888
2016
1858
1594
1057
699
-91
-720
-464
-529
-1358
-1944
-2016
-2774
-2708
-2640
-2717
-3592
-3869
-3620
-3829
-3717
-3626
-3601
-4239
-4215
-3847
-3370
-3717
-3822
-3463
-3559
-2997
-1921
-1718
-2796
-2609
-1184
-655
-874
-296
69
115
382
1199
2045
2131
2047
2093
2770
3325
3907
3827
3618
3703
4045
4217
3992
4417
4269
3687
2982
3336
3908
3276
2310
1948
1986
1579
1240
1189
966
-217
-725
-559
-656
-1018
-1447
-2040
-2512
-2483
-2541
-2587
-3010
-3150
-3561
-3839
-3511
-3061
-3202
-3784
-3698
-3382
-3005
-2762
-2414
-2286
-2399
-2228
-1359
-603
-341
-255
-169
408
1092
1750
2166
2257
2435
2680
3179
3783
4152
4138
3741
3946
4304
4644
4519
4174
3924
3657
3618
3520
3485
2787
2201
1754
1591
1357
975
481
-316
-849
-1101
-1158
-1687
-2142
-2656
-3093
-3424
-3353
-3404
-3764
-4260
-4374
-4182
-4379
-4025
-4130
-4328
-4387
-4104
-3930
-3770
-3566
-3629
-3442
-3300
-2560
-1874
-1516
-1862
-2037
-1325
-153
148
229
625
669
1155
1707
2666
2920
3015
2723
2992
3930
4507
4644
3990
4124
4206
4535
4335
4443
4451
3683
3170
3030
3430
3183
2452
1451
1365
1188
913
575
218
-358
-1334
-1411
-1342
-1413
-2012
-2548
-3061
-3086
-3077
-3131
-3245
-3607
-3780
-4119
-3766
-3294
-3152
-3518
-3691
-3407
-2865
-2478
-2028
-1585
-1975
-2187
-876
348
-73
696
696
518
1723
2581
2918
2869
3182
2987
3724
4232
4779
4734
3913
4043
4500
4971
4435
4423
3940
3501
3163
3195
3415
2611
1635
1074
1108
702
470
-180
-715
-1657
-2046
-1786
-2194
-2909
-3261
-3684
-4333
-3924
-4030
-4116
-4774
-4924
-4641
-4666
-4442
-4141
-4137
-4621
-4178
-3779
-3272
-3305
-3164
-2986
-2871
-2396
-1709
-869
-758
-988
-1286
-397
900
1357
1123
1225
1416
1906
2699
3288
3560
3499
3131
3219
4277
4801
4804
3974
3828
4044
4198
4173
4000
3820
3011
2541
2220
2640
2551
1618
476
270
382
140
-161
-629
-1145
-2108
-2180
-1821
-1749
-2408
-3035
-3421
-3331
-3081
-3035
-3097
-3509
-3559
-3648
-3304
-2757
-2435
-2763
-3028
-2683
-1987
-1491
-1205
-698
-640
-942
-852
1018
1759
1170
1559
1396
1842
2966
3620
3556
3374
3195
3375
4329
4599
4767
4079
3383
3575
4351
4498
3735
3322
2555
2520
2400
2426
2205
1216
136
-90
106
-122
-554
-1464
-2004
-2842
-2634
-2246
-2807
-3706
-3974
-4318
-4359
-3789
-4021
-4278
-4852
-4622
-4252
-3816
-3708
-3718
-3811
-3782
-3230
-2739
-2249
-2511
-2288
-2171
-1868
-1444
-696
-214
-269
-64
-211
273
1271
1872
1502
1428
1736
2197
2790
3134
3278
3202
2864
2904
3754
4137
4009
3326
3039
3234
3484
3413
2971
2764
2168
1831
1561
1703
1744
910
30
-335
-131
-149
-523
-1030
-1342
-1963
-2169
-1793
-1728
-2161
-2673
-2890
-2855
-2442
-2400
-2480
-2695
-2751
-2695
-2376
-1879
-1730
-1763
-2042
-1718
-1096
-652
-547
-437
-128
202
293
416
1569
1946
955
1857
2610
2061
2658
3290
3199
2673
3286
3532
3464
3521
3654
3499
2703
3194
3345
3105
2330
2317
2096
1546
1499
1238
966
61
-281
-465
-533
-1106
-1436
-1837
-2114
-2610
-2889
-2438
-3106
-3681
-3580
-3503
-4026
-3625
-3530
-3743
-4033
-3707
-3069
-3344
-3155
-2779
-2612
-2842
-2320
-1885
-1616
-1752
-1467
-1178
-1156
-745
-480
-205
-25
643
421
124
579
1698
1636
1202
1523
1812
2023
2102
2684
2707
2562
2219
2553
3028
3224
2894
2466
2480
2349
2646
2382
2057
1869
1655
1079
824
1225
1084
294
-387
-376
-189
-467
-777
-722
-1215
-1804
-1623
-1142
-1291
-1730
-1914
-1935
-1865
-1659
-1422
-1610
-1696
-1659
-1643
-1382
-1075
-800
-976
-1250
-889
-448
-235
-126
23
259
244
76
527
1615
1463
788
1316
1810
1965
1914
2603
2577
1839
2235
2848
2890
2416
2913
2358
1853
2311
2775
2299
1334
1626
1391
1170
787
984
563
-284
-585
-430
-419
-1028
-1347
-1734
-1751
-2355
-2154
-1992
-2503
-3150
-2948
-2707
-3021
-2869
-2829
-2832
-3411
-2808
-2310
-2431
-2620
-2230
-1999
-2243
-1856
-1313
-1259
-1837
-1240
-844
-914
-944
-495
-467
-663
-101
485
376
-414
275
1040
876
720
1120
1302
1107
1374
1806
2015
1876
1821
1904
2040
2256
2477
2127
1869
2074
2089
1835
1715
1874
1689
1071
767
1141
1248
617
139
231
218
-89
-117
-1
-297
-728
-728
-529
-591
-666
-773
-1047
-1046
-898
-915
-929
-960
-930
-1180
-1289
-840
-635
-849
-1129
-962
-715
-681
-593
-401
-435
-472
-165
283
312
-366
281
1319
696
898
1328
991
1144
1791
2153
1517
1671
1834
1932
1953
2268
2362
1451
1573
1884
2130
1438
1451
1320
923
832
617
921
345
-148
-526
-324
-485
-680
-1060
-1243
-1640
-1978
-1438
-1622
-2099
-2342
-2127
-2610
-2377
-2172
-2144
-2681
-2846
-2126
-2197
-2269
-2143
-1775
-2290
-2145
-1746
-1489
-1674
-1609
-1381
-1701
-1493
-1097
-828
-1141
-623
-327
-625
-804
-56
556
189
277
406
701
928
1292
1672
1620
1408
1562
1947
2362
2492
2170
2091
2203
2454
2627
2445
2274
2320
2125
1787
1939
2155
1960
1253
964
1301
1117
876
813
721
160
-207
111
223
-141
-535
-714
-918
-884
-854
-914
-1249
-1458
-1498
-1675
-1674
-1365
-1470
-1991
-2082
-1821
-1468
-1605
-1567
-1480
-1577
-1511
-1120
-574
-400
-725
-1152
-107
736
275
524
881
848
798
1536
2188
1641
1709
2035
2168
2055
2766
2936
2059
2123
2547
2773
2136
2373
2348
1745
1406
1647
1848
1168
720
426
420
69
-84
-355
-523
-1225
-1616
-1277
-1470
-2004
-2270
-2207
-2754
-2790
-2714
-2508
-3151
-3370
-2900
-3134
-3164
-2853
-2639
-3169
-3123
-2623
-2264
-2544
-2470
-2089
-2095
-2131
-1691
-1161
-1497
-1482
-682
-54
-533
-515
60
573
751
791
1171
1216
1571
1996
2212
2308
2595
2729
2677
3037
3445
3404
3103
3203
3459
3450
3176
3055
3177
3033
2506
2273
2426
2368
1754
1219
1200
995
708
445
196
-208
-640
-790
-918
-1116
-1397
-1729
-2011
-2086
-2152
-2305
-2523
-2547
-2620
-2827
-2811
-2607
-2530
-2659
-2663
-2514
-2265
-2127
-1870
-1720
-1680
-1410
-1057
-744
-513
-189
230
421
124
617
1868
1580
1688
2215
1751
2317
2945
3170
2894
2901
2946
3151
3369
3374
3670
2796
2644
2910
3152
2661
2267
2138
1694
1470
1072
1230
761
46
-559
-580
-871
-1128
-1513
-1959
-2483
-3073
-2676
-2783
-3364
-3809
-3712
-4139
-4001
-3793
-3813
-4056
-4292
-3712
-3613
-3509
-3156
-2813
-3054
-2763
-2340
-1775
-1564
-1584
-1214
-1126
-803
-388
127
-10
-18
530
1198
1398
1107
1268
1789
2130
2171
2309
2484
2447
2709
3007
3098
3233
3124
3053
3099
3352
3322
3078
2922
2963
2753
2455
2357
2259
2093
1460
1101
986
1053
573
-10
-229
-449
-680
-918
-944
-1256
-1648
-1965
-1849
-1839
-2048
-2221
-2309
-2349
-2411
-2366
-2284
-2108
-2155
-2268
-2325
-1856
-1568
-1533
-1558
-1497
-1145
-1006
-649
-491
-336
-237
-65
267
570
765
823
1079
1418
1707
1344
1311
2303
2331
1830
2493
2332
2037
2428
2811
2565
2129
2473
2259
2282
2188
2380
1935
1332
1575
1526
1277
815
854
297
-45
-174
-198
-442
-1052
-1454
-1656
-1657
-1901
-2078
-2440
-2616
-3098
-2897
-2592
-2932
-3231
-3055
-3030
-3217
-2736
-2555
-2509
-2802
-2392
-1955
-1929
-1600
-1130
-1148
-1377
-809
-289
-220
-288
137
-38
68
407
468
629
349
489
805
1039
1026
971
697
782
1363
1351
1334
1261
1262
1378
1355
1735
1876
1704
1408
1492
1947
1902
1790
1681
1636
1459
1351
1452
1514
1241
920
656
572
849
642
262
-24
-47
-164
-226
-276
-308
-573
-1014
-861
-750
-801
-1033
-1082
-1176
-1290
-1257
-1130
-1105
-1224
-1390
-1403
-1234
-1135
-1004
-1190
-1176
-1137
-958
-835
-714
-569
-660
-611
-426
-111
-82
-20
92
302
506
712
509
610
1385
1072
1133
1790
1513
1342
1694
2121
1968
1832
1976
2029
1880
1926
2362
1784
1539
1678
1672
1410
1329
1436
844
593
503
596
246
-140
-450
-599
-815
-1031
-1069
-1264
-1600
-2155
-1891
-1767
-2109
-2399
-2127
-2443
-2671
-2293
-2120
-2263
-2564
-2119
-2075
-2088
-1818
-1374
-1589
-1712
-1332
-977
-957
-1043
-615
-738
-802
-599
-189
-333
-423
-268
-121
57
218
636
351
236
400
930
1223
1056
1257
1304
1280
1442
1993
2129
1905
1828
1845
2151
2260
2377
2209
1917
1818
1818
1957
1790
1695
1327
948
822
900
897
513
103
-183
-319
-441
-387
-622
-958
-1329
-1479
-1438
-1418
-1502
-1766
-1934
-2160
-2031
-1897
-1801
-1900
-2056
-2081
-1955
-1669
-1478
-1412
-1527
-1416
-1271
-959
-656
-487
-530
-472
-208
42
353
527
741
743
753
971
1594
1694
1553
1753
1718
1854
2134
2483
2378
2274
2036
2088
2540
2537
2388
2120
1902
1711
2011
2027
1646
1350
1096
911
726
897
791
194
-333
-302
-296
-552
-768
-962
-1352
-1786
-1693
-1522
-1749
-2177
-2327
-2347
-2391
-2313
-2149
-2283
-2503
-2453
-2216
-1941
-1911
-1781
-1683
-1725
-1495
-1011
-801
-871
-779
-515
-364
-239
55
190
46
-50
286
485
358
341
435
348
312
673
825
641
551
663
423
722
1173
906
781
623
803
998
1148
1056
1013
961
721
1053
1170
1178
911
745
712
717
794
706
603
260
152
110
71
33
29
-358
-622
-551
-469
-446
-735
-742
-936
-1061
-926
-724
-843
-1015
-1054
-1074
-877
-846
-647
-725
-863
-820
-645
-493
-373
-324
-471
-463
-329
-43
-13
38
-17
19
67
226
519
512
463
383
558
699
860
1023
1274
908
314
1215
1810
1231
1545
1335
829
1454
1828
1825
1540
1308
1081
1499
1576
1653
1601
826
804
1054
1260
936
811
533
235
11
142
412
-9
-612
-902
-726
-748
-712
-996
-1189
-1733
-1786
-1197
-1295
-1681
-1740
-1833
-2041
-1623
-1491
-1466
-1711
-1826
-1596
-1449
-1282
-1026
-1093
-1286
-1283
-1028
-460
-688
-785
-703
-745
-739
-364
-166
-602
-644
-515
-387
-370
-85
-4
-290
-211
52
50
87
512
498
283
343
567
879
1021
955
901
1059
1055
1265
1421
1400
1393
1124
1248
1316
1341
1219
1100
984
701
759
657
521
461
259
-152
-224
-6
-84
-476
-610
-565
-797
-822
-704
-799
-995
-1051
-1113
-1011
-1044
-997
-956
-1150
-1097
-1076
-905
-785
-767
-771
-816
-708
-429
-308
-260
-190
-180
13
93
326
504
494
543
763
870
885
1162
1313
1331
1265
1389
1560
1761
1788
1766
1930
1784
1832
2098
1948
1885
2030
1768
1687
1759
1749
1578
1404
1287
1083
1006
905
852
561
260
41
28
-107
-384
-565
-868
-1044
-1226
-1277
-1384
-1611
-1872
-1932
-1979
-2064
-2058
-2033
-2143
-2321
-2160
-2083
-2048
-1932
-1848
-1967
-1855
-1567
-1402
-1335
-1326
-1146
-1017
-904
-741
-537
-556
-463
-369
-317
-175
-167
-54
-46
-177
-82
87
57
72
201
172
-26
297
633
368
24
407
729
498
592
579
679
671
724
814
835
864
731
832
830
887
802
713
713
670
568
379
444
490
302
-9
-67
142
125
-271
-373
-142
-237
-461
-366
-205
-474
-598
-395
-383
-457
-444
-389
-409
-397
-430
-336
-234
-232
-209
-326
-215
28
79
-22
-84
86
229
171
320
462
407
417
614
766
741
814
899
994
962
1029
1171
1215
1311
1452
1242
773
1409
1839
1061
1225
1434
1099
1164
1403
1310
929
972
890
984
721
819
732
222
359
318
282
-148
35
-131
-473
-632
-587
-416
-810
-1112
-1228
-974
-1220
-1261
-1381
-1304
-1581
-1706
-1257
-1415
-1655
-1496
-1240
-1622
-1425
-1207
-1072
-1312
-1158
-871
-1121
-912
-589
-494
-792
-640
-323
-78
-354
-169
35
-224
-103
85
144
-116
-67
-11
-80
-291
-164
-70
-363
-482
-311
-341
-568
-404
-262
-412
-781
-591
-166
-276
-441
-313
-235
-287
-106
120
161
128
61
291
422
509
642
526
561
559
736
694
701
860
735
512
508
891
916
584
460
716
663
535
646
755
576
361
499
617
516
416
491
313
301
289
320
343
218
195
14
37
189
199
40
-41
-48
44
-19
-26
109
-14
-117
-71
77
66
88
102
91
42
123
287
274
266
203
248
319
365
379
415
347
337
523
541
471
508
647
490
428
692
591
511
631
521
401
490
584
443
349
290
274
236
163
176
22
-96
-202
-158
-202
-365
-384
-486
-598
-637
-670
-703
-721
-876
-931
-937
-946
-951
-960
-1023
-1147
-1042
-971
-1063
-1073
-951
-1060
-1075
-942
-877
-844
-953
-829
-720
-814
-720
-618
-718
-637
-662
-674
-601
-641
-628
-702
-658
-734
-667
-672
-701
-651
-729
-715
-593
-334
-449
-627
-568
-98
-91
-209
28
77
149
247
521
610
721
602
825
977
1042
1176
1054
1291
1232
1228
1178
1345
1459
1298
1100
1098
1314
1238
1082
938
1026
895
810
812
850
677
434
458
451
366
210
267
135
-9
-100
-51
7
-119
-228
-367
-319
-230
-247
-330
-363
-388
-358
-372
-293
-210
-285
-297
-261
-133
-136
-56
32
-10
-14
24
203
282
221
170
255
343
370
404
412
416
394
467
506
469
586
666
476
397
630
665
534
622
603
347
445
712
527
369
393
368
315
315
359
199
93
82
59
-62
-109
-76
-192
-360
-451
-393
-387
-472
-639
-720
-720
-742
-744
-712
-838
-1037
-969
-849
-946
-1048
-946
-1007
-1148
-1077
-982
-1010
-1052
-1059
-1085
-1126
-1012
-904
-988
-1125
-1187
-995
-1026
-1119
-1026
-1099
-1231
-1151
-1039
-1129
-1121
-1154
-1052
-991
-1097
-948
-789
-582
-540
-740
-637
-88
85
54
168
229
525
738
957
1129
1241
1208
1371
1654
1798
1891
1780
1940
1949
1932
1933
2056
2111
1913
1704
1606
1825
1796
1524
1270
1266
1197
1083
914
880
802
389
310
364
235
38
-24
-199
-331
-464
-483
-394
-558
-706
-834
-835
-685
-671
-821
-865
-843
-768
-723
-704
-593
-579
-615
-573
-437
-318
-259
-210
-169
-135
-92
71
232
242
173
158
337
464
483
501
450
468
566
628
653
646
652
655
704
789
725
615
826
831
549
773
814
578
676
723
503
478
564
413
284
254
268
74
-48
-47
-164
-368
-452
-415
-606
-789
-843
-857
-992
-1110
-1186
-1211
-1256
-1378
-1380
-1413
-1437
-1538
-1512
-1423
-1553
-1555
-1414
-1454
-1539
-1362
-1261
-1373
-1330
-1110
-1106
-1169
-979
-892
-1017
-918
-728
-752
-796
-730
-582
-631
-613
-497
-452
-490
-404
-207
-264
-244
-114
186
261
68
83
571
706
584
870
856
936
1095
1336
1404
1454
1439
1478
1652
1695
1877
1665
1704
1784
1755
1583
1610
1824
1616
1343
1199
1411
1374
1148
912
951
866
650
632
631
548
212
200
214
112
-7
-28
-112
-235
-309
-355
-281
-306
-375
-557
-541
-402
-368
-470
-496
-466
-432
-464
-453
-279
-358
-385
-372
-292
-263
-249
-166
-161
-182
-215
-71
11
15
-40
-17
9
12
153
135
69
61
67
96
148
145
151
166
122
139
138
265
305
171
173
174
188
239
282
142
87
112
57
89
84
27
-150
-140
-98
-168
-263
-307
-307
-449
-494
-465
-450
-554
-646
-692
-693
-683
-695
-749
-817
-820
-851
-801
-785
-833
-892
-843
-859
-865
-790
-793
-805
-827
-764
-763
-741
-646
-635
-739
-677
-585
-599
-584
-573
-569
-612
-498
-483
-521
-538
-529
-471
-437
-448
-431
-262
-346
-342
-99
122
110
-81
154
508
520
602
751
773
912
1081
1233
1377
1453
1399
1512
1693
1800
1840
1767
1842
1879
1810
1752
1898
1921
1702
1491
1487
1619
1547
1298
1150
1147
1015
905
846
861
637
400
382
320
227
95
17
-144
-299
-393
-395
-447
-545
-709
-879
-860
-815
-881
-983
-1060
-1125
-1086
-1123
-1058
-1040
-1105
-1126
-1119
-1018
-968
-922
-894
-893
-909
-783
-653
-601
-595
-569
-500
-502
-417
-258
-269
-324
-235
-222
-151
-75
-27
48
25
25
118
204
287
333
278
278
372
507
528
499
486
521
510
525
640
611
479
426
517
496
442
398
367
282
160
167
178
93
-46
-117
-222
-256
-283
-328
-462
-604
-618
-642
-702
-771
-782
-885
-961
-954
-919
-950
-1038
-1032
-1012
-1085
-1071
-928
-994
-1060
-975
-942
-941
-845
-783
-848
-865
-697
-606
-644
-559
-534
-545
-398
-312
-270
-72
-83
-100
125
358
523
499
439
725
1038
1054
1184
1276
1361
1484
1606
1778
1973
1916
1770
1987
2119
2148
2045
2077
2094
1931
1824
1853
1914
1725
1533
1240
1235
1309
1119
801
668
601
349
226
166
117
-230
-475
-513
-544
-696
-847
-907
-1081
-1215
-1303
-1226
-1227
-1351
-1514
-1545
-1455
-1386
-1385
-1421
-1436
-1402
-1299
-1260
-1148
-1075
-1053
-1055
-954
-792
-706
-658
-599
-540
-523
-400
-275
-220
-235
-218
-142
-45
79
130
16
72
284
228
295
404
356
393
466
535
571
693
705
624
606
808
938
770
836
799
733
790
886
826
677
637
554
633
616
529
353
319
289
201
153
120
90
-128
-171
-214
-203
-244
-327
-505
-570
-482
-527
-559
-638
-660
-781
-767
-672
-677
-806
-827
-772
-817
-799
-745
-719
-830
-744
-733
-759
-630
-575
-625
-665
-566
-519
-442
-448
-414
-367
-401
-296
-241
-220
-173
-116
-121
-48
70
84
164
311
430
405
351
529
826
820
816
868
940
1104
1145
1254
1336
1329
1237
1367
1446
1444
1447
1355
1346
1274
1251
1195
1210
1114
956
760
694
773
667
419
235
247
90
-12
-67
-138
-340
-506
-515
-595
-692
-786
-829
-975
-1080
-1109
-1093
-1126
-1188
-1268
-1335
-1303
-1228
-1222
-1299
-1307
-1282
-1188
-1154
-1106
-1029
-1016
-997
-910
-775
-715
-657
-581
-541
-495
-353
-211
-156
-152
-100
8
84
277
409
201
172
600
624
503
746
658
632
836
938
935
1000
1021
956
978
1081
1299
1107
1017
1072
1051
1047
1122
1118
893
805
746
865
824
670
440
384
387
315
223
115
85
-191
-189
-202
-298
-340
-350
-571
-695
-560
-552
-601
-743
-713
-792
-804
-666
-626
-821
-843
-737
-760
-770
-751
-668
-776
-786
-747
-676
-665
-667
-661
-709
-715
-613
-492
-553
-582
-646
-541
-416
-427
-408
-400
-429
-347
-235
-237
-186
-164
-97
-52
-30
99
205
290
306
267
355
582
710
672
698
735
842
1011
1064
1091
1116
1088
1130
1246
1267
1273
1184
1145
1155
1087
1050
1062
983
794
659
599
652
544
356
183
64
31
-52
-137
-285
-409
-549
-614
-631
-714
-797
-861
-953
-1036
-1019
-1014
-1021
-1067
-1137
-1180
-1137
-1039
-1026
-1073
-1100
-1059
-983
-920
-882
-839
-811
-767
-684
-595
-491
-404
-346
-266
-127
-48
-37
192
408
287
398
633
643
778
936
958
1006
1125
1180
1294
1345
1425
1470
1378
1423
1492
1541
1476
1438
1403
1304
1240
1324
1289
1076
947
842
831
736
626
469
330
166
50
35
-96
-255
-390
-494
-678
-689
-690
-839
-1010
-1103
-1118
-1151
-1180
-1197
-1259
-1408
-1390
-1281
-1277
-1369
-1312
-1292
-1348
-1267
-1155
-1097
-1113
-1085
-1019
-947
-855
-723
-707
-708
-648
-536
-407
-346
-335
-267
-180
-165
-44
28
34
111
172
155
235
338
318
393
422
379
474
522
564
645
616
652
701
661
730
837
763
800
797
744
829
871
865
811
760
724
786
747
749
674
579
562
507
486
424
382
256
231
92
58
77
-4
-130
-238
-237
-308
-286
-393
-419
-500
-566
-548
-571
-597
-636
-639
-712
-683
-692
-635
-663
-699
-660
-658
-651
-589
-531
-558
-536
-507
-402
-378
-335
-255
-169
-154
-203
-17
180
118
188
318
264
411
617
637
571
682
776
831
932
1034
958
923
1125
1087
1082
1176
1150
1072
1121
1052
1029
1117
1007
840
774
797
722
659
538
447
249
189
220
49
-114
-203
-284
-466
-494
-567
-696
-832
-885
-986
-1096
-1063
-1113
-1238
-1329
-1293
-1328
-1320
-1321
-1350
-1364
-1326
-1277
-1245
-1195
-1186
-1116
-1061
-988
-950
-864
-741
-696
-684
-568
-460
-419
-310
-263
-254
-153
-12
-2
66
140
140
185
299
369
354
405
436
455
483
604
592
559
621
584
597
698
738
637
742
703
596
736
819
736
676
688
618
696
718
709
621
538
538
525
562
541
442
313
327
296
298
227
179
123
-17
-34
-29
-38
-103
-171
-306
-302
-265
-303
-341
-385
-464
-507
-443
-430
-466
-492
-487
-529
-515
-442
-417
-435
-414
-409
-405
-310
-218
-224
-214
-110
-130
-146
89
168
43
176
230
224
373
502
451
429
546
602
630
719
802
681
717
825
851
818
801
846
792
747
803
791
695
701
586
531
541
511
406
313
269
164
112
96
-21
-179
-156
-263
-364
-383
-443
-574
-663
-679
-754
-848
-858
-860
-1046
-1037
-993
-1048
-1110
-1096
-1092
-1164
-1106
-1036
-1046
-1093
-1011
-987
-949
-896
-841
-777
-760
-701
-635
-559
-522
-425
-371
-384
-313
-182
-132
-103
-26
-21
40
116
178
246
229
263
324
349
401
453
431
443
494
476
524
565
539
526
583
556
540
615
571
536
559
564
526
539
552
526
470
466
473
432
447
406
373
348
329
330
315
249
227
206
162
190
153
111
101
77
41
59
40
7
4
-12
-29
-44
-21
-44
-60
-69
-60
-82
-75
-49
-88
-86
-76
-80
-85
-59
-65
-63
-68
-51
-26
-29
-19
-21
-7
10
31
34
55
48
60
90
101
119
110
128
134
160
177
180
195
208
216
225
236
251
266
230
229
246
236
221
210
194
150
131
134
97
43
30
-20
-68
-86
-132
-172
-233
-271
-298
-364
-385
-412
-477
-516
-533
-580
-623
-635
-653
-689
-719
-713
-741
-740
-699
-716
-711
-703
-682
-659
-610
-553
-588
-593
-497
-440
-440
-366
-356
-365
-294
-229
-187
-171
-121
-104
-74
-4
66
46
70
120
117
182
211
223
234
245
247
299
327
343
370
361
398
432
458
471
485
466
507
524
528
550
536
552
557
558
556
566
538
560
526
487
527
478
445
455
408
365
377
318
274
269
230
188
167
136
92
87
75
28
-17
-4
-34
-68
-38
-87
-142
-98
-115
-165
-115
-113
-159
-125
-107
-128
-112
-84
-97
-101
-82
-61
-66
-50
-28
-54
-51
-30
-12
-28
-12
-14
-20
-16
-12
6
-24
-12
-17
-18
-17
-5
-29
-36
-32
-45
-36
-44
-24
-56
-55
-50
-45
-50
-47
-55
-81
-75
-93
-99
-113
-107
-143
-152
-131
-146
-151
-146
-201
-218
-178
-210
-244
-249
-255
-276
-282
-301
-316
-345
-356
-368
-391
-387
-385
-408
-447
-430
-423
-415
-427
-433
-426
-414
-401
-401
-399
-389
-360
-381
-337
-290
-289
-260
-222
-210
-185
-119
-93
-71
-35
16
41
92
162
190
214
265
325
348
405
446
463
504
552
584
628
673
678
697
720
762
765
759
805
797
755
790
798
743
754
741
672
672
681
628
573
538
495
435
415
372
305
261
227
167
109
78
10
-39
-89
-138
-188
-206
-234
-282
-317
-354
-354
-372
-388
-419
-429
-440
-436
-444
-461
-442
-445
-449
-438
-407
-390
-373
-372
-357
-322
-285
-268
-271
-252
-234
-220
-194
-161
-155
-137
-130
-117
-88
-82
-87
-77
-59
-35
-14
-21
-15
2
13
-2
1
12
28
10
-19
9
23
11
-15
-23
-38
-17
-15
-49
-54
-63
-73
-91
-97
-106
-111
-122
-132
-149
-171
-194
-206
-210
-253
-273
-267
-256
-257
-299
-325
-299
-280
-311
-322
-304
-280
-280
-288
-278
-255
-237
-239
-233
-204
-172
-166
-154
-126
-99
-80
-54
-21
16
71
86
94
146
194
207
237
276
298
328
369
412
427
439
453
478
493
503
512
521
543
562
585
604
681
708
623
583
593
584
568
528
479
474
455
481
486
465
444
384
368
372
323
244
199
144
124
90
35
1
-10
-18
-65
-108
-129
-139
-195
-261
-312
-293
-291
-336
-400
-445
-427
-408
-416
-461
-486
-479
-437
-455
-473
-470
-459
-456
-482
-458
-429
-415
-431
-393
-354
-316
-286
-269
-242
-215
-210
-224
-183
-157
-142
-127
-105
-65
-11
-2
-14
3
42
85
56
55
65
48
41
53
59
62
54
61
110
140
128
86
65
68
73
45
21
29
27
0
-4
-5
10
34
-4
-22
-9
9
1
-45
-76
-78
-87
-86
-68
-79
-70
-59
-40
-18
-27
-49
-51
-27
-6
-2
-29
-24
-8
-1
-13
-5
31
53
55
51
82
131
146
129
133
158
179
174
168
195
232
240
236
249
277
296
278
264
272
280
251
237
242
249
245
227
219
227
240
224
217
221
214
201
196
171
156
141
105
100
112
115
103
92
98
114
92
78
62
36
24
5
-5
-1
-8
-25
-35
-39
-31
-42
-50
-74
-115
-127
-139
-154
-178
-212
-226
-221
-232
-212
-226
-262
-274
-302
-321
-326
-334
-339
-352
-363
-336
-329
-316
-326
-350
-327
-311
-302
-293
-299
-296
-280
-292
-287
-277
-257
-237
-239
-215
-164
-127
-133
-152
-147
-99
-74
-64
-68
-58
-20
7
18
24
50
72
84
97
114
116
141
143
133
158
175
191
200
211
204
198
200
212
206
186
182
191
208
204
178
156
161
173
176
143
124
125
114
97
83
62
46
47
39
36
30
17
4
3
-8
-8
-1
-3
-5
-12
-18
-19
-10
-15
-4
3
14
32
45
41
37
28
28
44
51
66
59
66
87
109
103
103
114
137
149
128
130
149
151
135
133
124
144
154
138
121
112
116
104
81
69
74
65
58
52
52
49
33
24
25
24
7
-6
-16
-17
-29
-39
-55
-64
-67
-67
-74
-103
-122
-132
-145
-169
-169
-180
-189
-202
-217
-213
-217
-218
-228
-244
-257
-249
-255
-269
-288
-300
-293
-292
-299
-297
-290
-286
-278
-267
-245
-236
-230
-224
-203
-187
-163
-144
-139
-110
-79
-47
-23
9
36
64
75
91
121
136
149
155
175
198
217
230
247
256
267
275
274
277
280
278
273
269
260
265
260
249
238
226
205
194
185
159
143
122
106
89
71
51
40
25
9
7
-5
-17
-25
-34
-41
-47
-52
-55
-59
-64
-69
-68
-71
-68
-64
-66
-62
-57
-52
-47
-46
-45
-33
-35
-28
-6
3
11
14
22
49
67
69
76
74
91
115
122
125
113
113
127
126
120
120
112
104
102
96
83
79
69
46
31
29
29
23
-2
-30
-30
-28
-24
-39
-65
-72
-72
-82
-91
-115
-138
-141
-155
-157
-163
-176
-176
-186
-189
-182
-180
-186
-187
-193
-193
-178
-175
-183
-183
-181
-168
-154
-148
-145
-143
-145
-135
-133
-136
-127
-129
-134
-127
-122
-110
-95
-91
-74
-57
-41
-20
-15
-4
13
26
39
55
64
79
93
103
116
125
136
144
153
161
172
183
181
187
195
202
220
224
223
228
232
236
238
230
221
215
205
203
186
169
156
144
126
115
107
98
87
64
42
29
24
15
1
-21
-32
-38
-49
-53
-64
-76
-81
-88
-94
-94
-95
-98
-107
-118
-114
-108
-108
-109
-118
-118
-108
-96
-94
-96
-84
-73
-59
-53
-48
-42
-42
-40
-30
-20
-8
2
-6
-4
3
6
18
9
-4
-4
4
9
0
-12
-19
-16
-14
-4
-11
-24
-29
-33
-32
-39
-44
-56
-67
-72
-80
-74
-83
-90
-94
-102
-101
-99
-99
-106
-111
-119
-122
-117
-120
-121
-122
-122
-118
-105
-92
-91
-84
-81
-69
-54
-48
-37
-41
-42
-31
-26
-18
-15
-12
-10
-4
3
13
20
17
20
26
40
52
52
50
55
71
86
91
92
91
96
107
114
110
102
105
107
106
104
104
109
113
110
114
122
134
149
146
147
150
161
174
178
175
172
178
188
191
186
186
188
188
187
182
177
167
163
156
142
137
131
123
113
99
90
79
68
55
41
23
9
-9
-35
-55
-79
-98
-116
-135
-152
-172
-181
-193
-206
-218
-225
-235
-243
-243
-249
-247
-253
-249
-242
-240
-235
-226
-215
-208
-198
-190
-181
-169
-159
-145
-128
-115
-101
-84
-70
-55
-41
-19
2
11
20
33
50
62
69
67
66
77
90
95
90
91
92
95
102
94
90
86
84
82
68
65
61
57
50
39
39
35
29
21
4
-4
-7
-10
-19
-28
-38
-46
-47
-51
-59
-65
-65
-67
-72
-70
-70
-74
-78
-80
-81
-78
-75
-71
-71
-70
-55
-46
-37
-27
-22
-10
-1
13
29
42
53
62
75
90
106
117
125
132
143
156
168
173
176
182
190
200
208
207
205
209
208
214
215
209
201
190
185
178
172
162
146
135
124
113
102
92
75
57
50
42
28
14
1
-15
-27
-34
-39
-51
-67
-77
-89
-93
-100
-113
-128
-145
-150
-158
-164
-173
-191
-200
-202
-201
-205
-208
-214
-222
-218
-215
-211
-211
-215
-218
-213
-208
-202
-195
-196
-189
-182
-167
-153
-148
-144
-142
-130
-114
-97
-86
-75
-64
-51
-33
-12
-1
11
17
26
42
53
61
61
67
73
78
90
100
98
104
116
119
120
119
121
116
109
109
104
104
100
95
88
83
82
79
70
60
51
40
34
28
17
7
-1
-7
-10
-8
-9
-13
-21
-23
-18
-13
-16
-22
-29
-26
-25
-18
-15
-16
-13
-1
13
19
28
29
34
44
53
65
71
74
74
81
94
104
107
108
110
115
121
125
129
127
121
121
122
123
116
110
112
107
106
99
92
88
77
79
70
58
49
39
28
18
10
-2
-9
-16
-20
-28
-36
-40
-49
-53
-58
-66
-73
-80
-79
-83
-86
-94
-99
-99
-101
-99
-106
-108
-114
-116
-118
-124
-125
-127
-128
-130
-131
-129
-128
-127
-124
-126
-123
-117
-118
-117
-117
-115
-109
-108
-103
-99
-97
-89
-81
-70
-64
-58
-53
-50
-44
-35
-29
-27
-20
-11
-4
1
11
17
20
26
30
34
34
40
41
44
50
55
60
66
73
79
80
86
93
92
92
88
92
91
95
98
96
90
90
96
91
90
88
83
79
78
81
79
76
76
71
72
68
67
62
57
55
46
47
41
38
32
27
24
18
18
13
9
4
0
2
-4
-10
-10
-14
-17
-17
-18
-22
-26
-30
-31
-30
-31
-28
-32
-35
-37
-33
-27
-25
-25
-23
-18
-13
-14
-17
-15
-10
-7
-6
-4
-3
-3
5
6
2
2
5
4
2
-2
-3
-5
-6
-5
-6
-7
-12
-12
-14
-20
-23
-27
-32
-37
-40
-45
-48
-51
-57
-60
-63
-66
-69
-74
-78
-80
-85
-83
-85
-86
-89
-90
-90
-93
-92
-88
-87
-86
-86
-86
-82
-79
-77
-71
-66
-58
-51
-45
-35
-31
-23
-18
-14
-5
-1
6
11
15
22
32
45
53
56
57
65
77
84
90
91
96
101
114
120
123
123
124
128
130
136
136
135
134
132
134
130
129
127
122
122
119
115
109
105
99
94
87
80
70
61
55
48
43
37
27
21
14
8
1
-6
-11
-19
-28
-33
-40
-46
-48
-53
-56
-58
-58
-59
-59
-57
-59
-56
-56
-56
-54
-55
-56
-54
-52
-50
-48
-43
-40
-41
-38
-37
-35
-31
-29
-31
-30
-30
-29
-24
-20
-17
-21
-22
-21
-25
-22
-25
-28
-30
-31
-28
-32
-30
-34
-40
-41
-44
-46
-45
-49
-53
-56
-54
-53
-51
-52
-55
-54
-56
-51
-52
-54
-58
-64
-66
-68
-67
-67
-64
-67
-65
-64
-64
-59
-58
-60
-57
-53
-52
-50
-48
-47
-48
-44
-37
-34
-33
-32
-29
-22
-14
-10
-6
-2
4
11
23
32
34
43
49
53
64
68
73
78
79
89
95
99
104
107
117
121
122
127
127
130
131
133
136
135
140
137
141
141
137
139
138
138
135
132
125
112
107
98
91
84
75
66
57
51
45
35
29
21
15
10
4
-4
-13
-24
-34
-42
-48
-53
-61
-71
-73
-75
-79
-80
-84
-83
-83
-83
-82
-81
-82
-86
-88
-90
-89
-88
-86
-83
-82
-80
-77
-74
-71
-68
-65
-61
-61
-58
-55
-54
-53
-52
-50
-46
-42
-35
-34
-29
-27
-26
-24
-23
-17
-13
-11
-9
-10
-13
-12
-14
-8
-5
-9
-6
-3
-6
-5
-7
-10
-6
-7
-8
-9
-12
-18
-22
-24
-27
-28
-32
-31
-33
-32
-31
-32
-33
-35
-34
-30
-26
-25
-22
-23
-23
-22
-18
-15
-15
-15
-9
-7
-4
0
0
1
5
14
20
29
32
30
32
36
41
43
48
49
55
58
63
69
71
75
78
83
90
93
96
98
98
98
103
109
112
117
117
117
117
115
116
113
110
111
108
106
105
95
90
83
77
74
66
63
55
48
39
32
21
15
9
3
-3
-13
-20
-34
-41
-48
-54
-58
-65
-66
-70
-77
-79
-82
-88
-91
-94
-94
-94
-97
-99
-100
-106
-103
-102
-101
-97
-99
-94
-95
-92
-94
-95
-93
-93
-87
-87
-82
-85
-83
-81
-79
-72
-71
-65
-62
-58
-57
-51
-48
-47
-43
-40
-34
-29
-24
-21
-15
-12
-9
-1
3
10
12
18
21
24
29
30
32
33
38
40
38
39
35
32
31
30
29
29
28
24
20
20
17
14
15
13
14
14
12
10
8
6
4
4
3
3
2
0
3
-1
-2
2
3
6
7
12
15
18
19
20
24
25
32
32
35
39
38
42
43
45
48
49
51
50
48
47
45
45
46
49
49
52
54
60
64
66
66
66
69
68
66
61
61
56
49
48
43
41
36
30
30
25
23
19
14
10
3
-2
-6
-13
-20
-24
-31
-36
-43
-50
-57
-62
-65
-68
-73
-77
-79
-85
-82
-82
-82
-84
-87
-91
-90
-90
-93
-94
-98
-99
-99
-94
-91
-87
-84
-84
-80
-76
-75
-73
-64
-61
-58
-49
-46
-40
-33
-31
-24
-23
-20
-17
-15
-11
-8
-4
4
7
11
16
19
24
28
32
38
42
50
59
62
66
69
67
68
72
72
72
73
72
74
74
73
76
76
76
78
80
78
77
71
71
68
65
62
54
47
40
32
23
17
9
5
-1
-3
-1
-4
-5
-9
-11
-11
-13
-10
-8
-8
-8
-8
-8
-7
-9
-10
-7
-9
-9
-9
-11
-8
-10
-6
-4
0
3
6
6
8
13
15
22
22
25
30
29
33
33
32
36
34
32
33
31
33
30
31
34
29
28
28
27
27
26
22
24
22
18
20
16
9
4
0
-8
-14
-18
-23
-27
-29
-35
-37
-41
-45
-47
-51
-54
-58
-61
-61
-64
-65
-66
-69
-72
-75
-76
-79
-79
-79
-79
-78
-75
-72
-71
-70
-68
-65
-62
-57
-52
-46
-40
-34
-30
-19
-15
-10
-3
-2
2
4
7
11
14
21
25
31
37
39
41
45
46
49
53
55
57
58
59
61
58
59
57
54
51
49
49
49
45
42
39
36
35
33
31
26
23
20
17
14
12
10
11
10
3
2
-1
-8
-10
-15
-17
-14
-19
-18
-24
-25
-28
-32
-30
-36
-35
-37
-35
-39
-40
-41
-42
-39
-39
-39
-40
-39
-36
-34
-30
-27
-23
-20
-22
-20
-16
-12
-6
-2
2
5
12
14
19
23
25
26
26
26
26
30
29
31
32
33
35
29
26
26
22
22
21
18
15
16
14
12
10
7
6
1
0
0
-7
-7
-11
-14
-14
-19
-21
-25
-29
-29
-28
-31
-34
-37
-39
-42
-43
-43
-48
-49
-49
-49
-46
-45
-47
-44
-41
-39
-33
-30
-28
-21
-24
-17
-12
-12
-5
-2
-3
-3
0
2
1
1
2
4
7
11
11
13
15
16
22
25
29
35
37
44
49
51
55
57
56
57
59
58
59
55
55
53
52
48
45
46
42
42
42
36
34
34
30
30
30
25
24
19
13
10
6
2
-4
-7
-12
-17
-17
-22
-22
-24
-25
-25
-25
-24
-26
-23
-25
-24
-22
-26
-27
-27
-26
-27
-27
-26
-28
-29
-28
-25
-25
-24
-26
-24
-21
-24
-22
-23
-17
-14
-10
-6
-3
4
5
6
11
15
16
18
18
19
21
24
22
20
23
22
24
26
25
24
24
23
24
24
24
26
24
24
23
22
21
19
17
17
17
15
14
12
12
9
9
10
4
1
-1
-2
-8
-12
-16
-23
-28
-30
-33
-36
-37
-39
-40
-38
-41
-41
-41
-40
-37
-34
-30
-30
-25
-26
-24
-22
-21
-18
-15
-14
-13
-11
-7
-7
-3
-1
-1
2
4
9
10
14
16
19
21
23
27
30
35
38
37
38
40
38
38
41
41
43
41
42
40
40
41
40
39
37
37
38
35
33
31
29
25
25
22
18
19
13
6
-1
-4
-8
-13
-14
-18
-18
-19
-22
-21
-25
-24
-24
-26
-28
-27
-28
-32
-30
-35
-36
-37
-42
-43
-47
-45
-48
-50
-52
-53
-52
-51
-49
-45
-42
-38
-36
-32
-28
-25
-20
-16
-13
-13
-11
-10
-8
-3
-3
1
4
4
6
9
10
14
15
18
19
22
24
26
28
32
33
31
33
29
28
28
26
23
23
23
20
23
19
20
19
15
13
9
9
7
8
5
5
3
-2
-5
-9
-12
-15
-19
-21
-24
-27
-29
-29
-31
-33
-34
-33
-32
-32
-30
-30
-29
-26
-26
-26
-24
-22
-19
-18
-21
-17
-14
-12
-8
-5
2
3
8
11
13
19
20
27
31
35
43
44
45
50
52
50
53
50
51
51
50
53
53
51
47
46
46
45
43
42
39
37
34
32
24
22
18
11
11
5
2
-1
-7
-12
-11
-14
-16
-18
-19
-21
-25
-25
-28
-30
-29
-32
-33
-31
-31
-35
-34
-38
-36
-37
-40
-35
-36
-33
-31
-31
-24
-23
-20
-21
-18
-14
-13
-10
-11
-5
-3
-1
-1
0
2
0
3
4
9
9
8
10
8
10
10
11
16
17
19
20
24
25
26
23
24
25
24
25
27
27
23
22
19
18
18
12
15
13
12
12
6
7
4
3
1
-1
-1
-7
-4
-9
-10
-10
-12
-10
-15
-15
-15
-17
-15
-17
-14
-17
-18
-18
-18
-17
-16
-15
-17
-15
-15
-16
-16
-18
-14
-13
-10
-9
-10
-6
-4
-2
1
1
3
4
4
6
5
8
12
10
10
11
10
10
12
14
14
17
17
18
20
20
20
21
22
25
25
25
24
20
21
18
17
18
15
15
14
13
9
7
4
0
-2
-6
-8
-8
-8
-7
-8
-8
-12
-14
-15
-16
-14
-16
-11
-14
-12
-13
-15
-15
-19
-16
-16
-17
-19
-18
-14
-16
-12
-13
-14
-10
-8
-5
-4
-3
-3
1
2
1
5
6
6
4
3
2
1
4
1
1
2
4
4
6
8
7
9
8
9
10
9
12
10
11
7
9
8
6
10
6
8
5
8
6
4
6
1
2
-3
-2
-2
-2
0
1
2
-1
0
-3
-6
-5
-9
-13
-11
-13
-16
-16
-20
-20
-24
-25
-21
-21
-17
-16
-15
-13
-15
-12
-15
-17
-16
-18
-16
-17
-16
-17
-15
-11
-15
-12
-13
-12
-10
-7
-7
-7
-5
-4
-3
-1
0
1
4
3
3
4
1
4
5
3
6
3
9
11
12
14
10
12
15
13
13
16
14
13
12
9
9
4
6
5
1
2
0
-1
0
2
0
0
0
4
3
6
6
4
6
0
0
-2
-1
-3
-4
-3
-9
-9
-10
-11
-13
-16
-15
-16
-15
-9
-7
-6
-4
-3
-2
-1
3
1
5
7
8
8
7
8
5
4
5
6
8
10
9
14
12
13
14
12
17
18
19
19
17
17
19
19
19
16
15
14
10
10
8
3
6
2
2
6
4
7
6
9
12
12
13
13
10
10
10
5
7
4
4
4
1
-3
-6
-8
-11
-11
-13
-13
-12
-8
-5
-5
-2
-1
-2
3
4
7
10
11
10
8
9
4
5
2
3
0
0
-1
-2
3
2
2
2
1
2
-1
3
1
-2
-1
-2
2
-1
4
2
3
9
3
4
1
0
-4
-2
0
1
3
3
6
6
5
2
2
2
-2
3
2
3
5
4
9
6
5
5
2
2
1
7
9
9
7
6
5
0
1
2
3
0
2
4
1
3
3
1
1
1
2
3
5
6
7
4
5
3
-2
-2
-3
-4
-1
0
-5
-3
-6
-9
-8
-11
-10
-6
-6
1
1
5
6
3
3
2
3
-2
-1
-4
-1
-3
-4
-6
-10
-10
-14
-12
-13
-11
-8
-10
-5
-6
-4
-8
-6
-6
-9
-4
-6
-6
-5
-6
-6
-11
-10
-16
-16
-15
-15
-12
-15
-14
-16
-17
-15
-18
-16
-16
-14
-13
-12
-13
-14
-13
-13
-14
-17
-15
-19
-17
-14
-16
-10
-15
-16
-13
-15
-17
-13
-11
-9
-5
-5
-6
-2
-5
-6
-5
-6
-4
-6
-1
1
-1
1
2
-1
0
0
0
4
5
7
5
7
9
8
7
5
3
-1
-1
0
0
2
4
1
-1
2
-1
3
5
6
8
7
7
7
7
8
4
3
3
3
2
