0
-8
-12
-15
-22
-7
22
23
21
-6
-47
-42
-7
12
25
39
-1
-21
0
-20
-10
-2
-14
-23
15
30
18
45
0
-47
-39
-12
15
42
44
5
-15
-18
-15
2
25
21
14
3
-10
-12
-9
2
3
-3
3
2
9
15
4
0
-2
0
-3
8
10
5
4
-1
-1
9
16
12
9
4
-7
-1
7
5
7
0
2
-7
-4
-2
1
10
8
12
2
4
1
5
11
10
5
-2
1
1
6
9
0
-9
-10
-8
-4
2
1
-6
-2
-5
-2
8
3
-4
-1
-1
-5
7
5
-5
-6
-6
-5
0
5
-4
-5
0
-3
0
3
2
0
-4
-9
-14
-8
-6
-2
0
-2
-8
-11
-13
-15
-11
-14
-14
-16
-17
-11
-6
-5
-11
-17
-25
-18
-7
-2
0
-4
-9
-5
-2
-1
-2
-5
-9
-9
-5
-4
2
-1
-8
-14
-17
-14
-9
-6
-7
-7
-8
-12
-12
-9
-8
-6
-2
-5
-8
-4
-6
-6
-9
-10
-12
-7
1
-6
-6
-5
-4
0
7
5
-5
-2
-4
0
10
13
5
0
-4
-6
0
6
8
2
-4
2
3
7
8
0
-2
-4
5
10
13
10
2
3
-2
4
6
7
5
1
-8
-10
-10
-6
0
1
3
2
5
2
1
4
1
5
5
1
6
2
1
2
5
2
2
12
7
5
7
5
4
8
10
5
8
14
14
15
15
11
11
14
14
10
11
8
3
1
0
0
5
6
0
-1
-4
-3
1
6
1
2
7
4
9
10
8
8
9
3
6
11
6
5
5
-4
-2
7
9
7
7
5
2
9
2
1
4
4
2
0
5
3
2
-2
-7
-5
-4
-4
-3
-4
-6
-3
-1
-4
-2
1
3
1
5
9
1
3
6
3
7
11
10
7
7
8
6
8
5
6
9
5
9
8
3
4
6
7
6
7
6
5
9
8
4
7
5
4
2
5
8
5
2
3
8
6
6
7
7
3
6
10
4
6
4
-3
-3
-3
-2
-5
-3
-4
-11
-7
-7
-5
-4
-9
-12
-14
-12
-12
-8
-10
-12
-11
-9
-8
-5
-4
-8
-13
-8
-7
-7
-7
-6
-10
-9
-5
-7
-3
-3
-4
-5
-4
-5
-4
-2
-5
-5
-5
-7
-8
-4
-4
-5
-4
-6
-5
-6
-6
-6
-5
-6
-8
-4
-7
-6
-1
1
2
0
1
0
0
2
-2
-2
-2
-3
-5
-8
-8
-11
-10
-6
-9
-7
-7
-7
-7
-6
-7
-5
-5
-5
-1
-6
-6
-10
-8
-7
-10
-7
-12
-9
-9
-11
-7
-9
-7
-7
-3
-1
-2
0
-3
-4
-2
-7
-6
-6
-3
-2
-6
-6
-9
-7
-9
-6
-4
-2
0
-2
0
-2
-4
-3
-3
-2
3
3
0
-3
-5
-7
-10
-6
-6
-5
-9
-9
-8
-10
-5
-3
-3
-4
-2
-1
2
4
0
0
0
0
2
-1
-2
-2
-3
-5
-6
-5
-8
-8
-6
-5
-2
-4
-3
0
3
2
2
2
1
0
0
-1
-2
-3
-2
-5
-3
-1
-3
-1
0
1
2
2
4
5
4
1
-1
-1
1
1
1
0
-1
-4
-5
-3
1
0
0
1
-2
-1
2
4
3
5
3
3
7
7
9
6
7
5
9
11
9
11
8
9
9
10
9
9
8
7
7
10
10
12
13
13
12
13
17
17
18
16
13
13
13
14
16
15
13
11
13
13
12
16
15
16
17
20
19
20
20
15
17
14
14
14
13
11
13
12
8
10
9
10
9
8
5
5
6
5
5
6
4
7
7
7
6
6
5
5
7
7
7
9
7
4
4
4
1
1
1
-1
-1
0
0
2
2
0
-2
-1
-1
-3
-4
-6
-9
-8
-9
-9
-6
-6
-8
-7
-8
-10
-8
-6
-6
-4
-4
-2
-2
-4
-2
-5
-3
-3
-4
-3
-6
-6
-7
-4
-7
-7
-5
-8
-6
-6
-3
-4
-3
-3
-5
-3
-6
-6
-5
-5
-8
-9
-7
-8
-6
-6
-8
-5
-5
-2
-1
0
1
1
2
1
4
3
3
3
0
3
0
0
-1
-1
-1
-2
-3
-4
-3
-2
-5
-1
-2
-1
1
1
4
3
3
2
4
6
4
4
3
2
1
1
0
-3
-2
-3
-5
-3
-1
-2
-3
-1
-1
1
3
5
6
4
6
7
7
5
5
5
3
0
-1
0
-1
-2
-2
-3
-4
1
1
0
1
0
3
0
1
3
4
4
2
2
2
0
3
4
-1
-2
-2
-2
-2
-1
-3
-3
-3
-5
-1
0
1
-1
-3
-2
0
-1
-1
-1
-1
-3
-5
-5
-6
-5
-7
-7
-5
-5
-9
-7
-2
-6
-6
-6
-6
-5
-2
0
-3
-4
-4
-6
-5
-3
-3
-1
1
-2
0
-1
2
1
0
2
4
4
2
1
2
5
4
2
2
2
2
4
4
2
3
4
3
6
5
3
5
4
5
3
6
8
9
9
8
7
5
7
8
6
6
9
5
6
8
7
7
7
5
4
5
6
7
7
8
5
3
4
4
6
5
5
5
7
8
6
9
7
6
7
8
9
8
10
10
10
11
10
10
10
8
6
7
8
8
7
8
8
9
11
9
9
10
10
11
11
11
13
11
12
14
13
11
12
12
9
10
9
9
7
8
8
5
8
8
8
7
11
11
9
10
7
9
8
8
5
6
6
1
2
-1
0
-1
-1
-4
-4
-2
-4
-6
-3
-2
-3
-2
-3
-1
-4
-5
-4
-5
-5
-7
-6
-7
-10
-10
-10
-12
-9
-9
-10
-10
-9
-7
-8
-6
-7
-7
-5
-3
-5
-6
-4
-5
-6
-6
-6
-9
-8
-7
-6
-7
-7
-7
-6
-5
-5
-5
-3
-2
0
-2
-2
-2
-4
-4
-5
-6
-9
-8
-10
-11
-13
-12
-13
-14
-14
-13
-11
-9
-7
-8
-8
-9
-11
-8
-8
-9
-10
-9
-12
-9
-11
-14
-14
-15
-14
-17
-14
-15
-14
-14
-13
-11
-10
-8
-6
-5
-4
-3
-3
-4
-4
-4
-6
-6
-7
-8
-8
-7
-4
-5
-5
-3
-3
-1
1
2
3
4
2
0
0
2
1
-1
1
0
-3
-3
-4
-2
-3
-6
-4
-7
-8
-4
-7
-6
-4
-3
-2
-3
-2
-2
-1
1
0
-3
-5
-6
-6
-8
-7
-8
-9
-7
-5
-6
-6
-6
-8
-6
-5
-6
-5
-6
-3
-5
-4
-6
-6
-5
-6
-6
-7
-6
-4
-6
-3
-5
-3
-2
-3
-2
-1
4
3
3
3
3
4
3
5
4
2
1
3
3
0
1
3
3
3
1
2
7
4
8
12
10
10
12
15
15
16
17
16
15
12
12
13
12
13
10
10
11
11
12
11
15
15
14
14
16
16
15
19
19
16
12
13
13
12
14
15
12
13
15
13
17
19
19
18
17
22
18
19
21
20
20
21
18
17
19
17
16
15
13
11
12
13
11
15
13
14
15
15
16
16
18
19
19
19
18
16
17
18
15
15
16
13
11
12
10
9
10
10
11
10
8
9
10
10
10
11
9
11
12
9
12
9
10
12
9
5
5
6
4
4
2
3
2
-1
4
3
3
5
5
6
3
5
2
1
-4
-5
-5
-6
-3
-6
-2
-4
-4
-3
-2
-1
-3
-2
-2
2
2
1
0
-1
-2
-3
-2
-5
-5
-6
-7
-9
-9
-10
-14
-9
-9
-11
-13
-12
-11
-10
-7
-12
-11
-12
-12
-12
-9
-8
-8
-7
-6
-5
-9
-9
-6
-10
-11
-8
-10
-10
-11
-11
-12
-14
-15
-15
-16
-18
-19
-19
-18
-18
-20
-19
-17
-17
-18
-18
-17
-15
-10
-8
-8
-7
-6
-2
-1
-1
-2
-2
-1
-2
-5
-4
-4
-5
-7
-9
-8
-8
-8
-4
-4
-7
-8
-9
-9
-10
-10
-10
-8
-8
-7
-10
-11
-9
-7
-7
-8
-8
-8
-5
-6
-6
-3
-3
-4
-1
-1
1
3
-1
-1
-4
-2
0
-3
-4
-2
-3
-1
-1
-2
0
-2
-1
-3
-2
-4
-2
-1
-2
1
2
1
-2
0
-1
0
5
1
1
1
-2
-4
-1
0
-1
0
-1
1
2
0
1
2
1
1
1
3
3
6
7
4
1
-1
1
2
1
1
3
3
5
6
4
5
5
5
6
6
4
2
3
-1
1
2
-1
-2
-1
3
3
4
3
2
2
3
4
4
4
3
4
9
8
6
5
3
3
3
2
1
-2
-4
-2
-3
-1
0
-2
-4
-4
-4
-3
0
-2
-2
-3
-4
-3
-3
-4
-2
-2
-2
-1
-2
-1
1
2
-1
3
2
3
4
4
7
4
7
6
7
8
7
8
8
7
4
6
4
4
4
3
0
1
2
2
-2
-3
-1
0
0
-2
-1
2
4
3
4
5
6
8
9
10
8
9
11
9
8
6
5
4
4
7
4
5
3
2
4
3
4
4
4
4
3
3
0
2
3
-1
-3
-3
-2
-5
-4
-3
-5
-8
-6
-5
-5
-5
-7
-3
-5
-3
-2
-1
-2
-1
-1
-2
-2
-2
-3
-3
-2
-1
-4
0
0
1
0
-1
1
0
1
3
4
3
4
3
2
3
4
4
3
3
2
0
2
1
-1
-1
2
2
0
2
1
4
5
2
1
-2
1
1
-4
-4
-4
-5
-7
-7
-7
-6
-8
-8
-7
-9
-11
-9
-15
-14
-11
-12
-11
-11
-11
-13
-10
-10
-10
-12
-11
-12
-17
-16
-18
-16
-15
-15
-18
-20
-21
-19
-18
-19
-19
-18
-16
-14
-12
-11
-13
-12
-10
-8
-10
-9
-11
-13
-15
-14
-14
-15
-17
-17
-13
-14
-12
-7
-6
-7
-7
-6
-7
-7
-8
-8
-12
-11
-12
-12
-11
-12
-10
-8
-9
-7
-7
-8
-6
-8
-6
-5
-2
-3
-2
0
-2
-1
2
1
0
3
-3
-4
-3
-2
-4
-3
-3
-4
-2
0
-2
-2
0
-1
-2
1
0
1
2
3
4
5
6
3
3
2
2
0
0
-2
-6
-4
-3
-3
-2
-1
1
4
6
6
7
7
7
7
5
6
8
8
9
10
8
7
10
10
9
12
13
13
11
16
15
18
22
20
20
21
20
20
22
21
19
21
22
22
24
24
25
25
25
27
25
27
29
27
28
30
30
29
29
27
24
27
26
25
25
23
22
22
22
20
23
21
22
23
22
22
21
18
19
22
22
20
22
22
18
21
22
20
19
18
14
15
14
15
17
20
21
20
20
19
21
20
18
22
20
21
18
16
15
13
11
9
8
10
11
10
13
13
11
12
16
15
14
14
12
13
11
9
5
5
2
-1
-2
-4
-8
-7
-4
-4
-5
-5
-6
-3
-4
-7
-4
-4
-5
-6
-6
-7
-6
-5
-8
-10
-12
-13
-13
-12
-14
-17
-16
-16
-15
-12
-14
-15
-15
-14
-14
-15
-15
-13
-14
-17
-17
-20
-21
-24
-23
-27
-28
-25
-25
-23
-25
-24
-22
-22
-24
-24
-24
-23
-22
-20
-21
-22
-20
-23
-24
-27
-30
-30
-32
-36
-35
-37
-37
-36
-36
-35
-35
-36
-37
-34
-36
-33
-28
-33
-33
-34
-33
-31
-31
-32
-31
-27
-28
-26
-26
-27
-23
-24
-22
-21
-20
-19
-18
-18
-21
-18
-20
-21
-20
-22
-22
-23
-23
-25
-27
-29
-30
-28
-27
-27
-25
-26
-26
-25
-26
-23
-21
-21
-22
-23
-23
-22
-19
-18
-21
-25
-26
-23
-23
-23
-24
-24
-22
-23
-22
-21
-19
-18
-16
-16
-17
-15
-13
-12
-15
-14
-18
-17
-15
-15
-15
-14
-14
-15
-13
-11
-8
-5
-4
0
0
2
5
4
6
9
8
7
6
6
5
5
5
6
6
7
6
9
11
8
11
14
14
15
15
16
18
19
20
21
20
18
17
17
17
13
12
11
12
14
12
14
15
16
15
19
18
16
19
23
21
22
22
21
22
21
22
21
22
25
24
23
23
23
24
27
29
27
27
26
25
24
28
31
32
31
30
31
30
29
29
31
30
27
29
27
30
28
30
30
29
33
33
34
33
33
33
32
33
32
34
33
31
29
30
30
26
28
28
28
28
26
25
26
26
27
26
27
25
24
24
23
21
22
20
19
18
16
15
13
11
11
9
10
8
10
12
9
10
8
8
6
5
5
3
5
4
1
2
1
0
0
1
1
1
1
1
-1
1
2
-1
2
1
2
2
-1
-1
-2
-1
-3
-4
-6
-7
-8
-9
-9
-10
-12
-13
-12
-11
-12
-12
-9
-10
-8
-5
-6
-5
-3
-5
-4
-4
-5
-7
-7
-5
-6
-8
-7
-9
-8
-6
-8
-9
-9
-8
-8
-9
-9
-10
-12
-9
-7
-8
-9
-9
-8
-10
-10
-11
-11
-13
-12
-11
-10
-11
-12
-10
-9
-7
-11
-13
-12
-12
-12
-11
-11
-12
-13
-13
-14
-16
-16
-16
-15
-14
-15
-12
-12
-13
-15
-13
-11
-10
-8
-7
-6
-8
-7
-7
-8
-8
-8
-11
-11
-10
-12
-13
-11
-10
-12
-10
-12
-13
-13
-11
-10
-10
-10
-11
-10
-11
-8
-11
-12
-12
-13
-14
-16
-16
-18
-15
-14
-14
-15
-13
-15
-15
-12
-13
-15
-15
-16
-14
-14
-14
-12
-11
-12
-13
-14
-16
-17
-16
-16
-15
-14
-13
-13
-11
-12
-11
-10
-11
-8
-8
-9
-7
-5
-5
-4
-4
-4
-5
-3
-5
-5
-2
-2
-3
-4
-4
-3
-2
0
3
6
6
4
5
9
11
10
10
11
8
7
9
9
9
11
11
11
11
11
10
10
11
9
11
11
15
18
17
17
17
15
12
12
12
14
14
15
14
16
16
18
21
22
23
22
23
24
22
24
26
26
26
25
23
26
23
22
21
23
24
22
22
21
22
22
22
22
21
20
18
17
16
16
16
14
15
16
14
15
16
16
14
16
12
13
14
12
13
13
13
13
14
13
15
18
17
15
14
13
13
12
12
11
11
9
6
6
4
2
2
4
1
2
1
-1
0
-2
1
2
2
3
4
3
3
2
1
2
2
0
1
1
2
2
2
2
3
3
3
3
2
1
0
1
1
-2
-5
-6
-6
-5
-7
-9
-7
-6
-6
-5
-4
-6
-4
-3
-6
-4
-6
-7
-6
-5
-6
-8
-6
-9
-7
-6
-7
-8
-6
-6
-8
-6
-8
-5
-7
-3
-4
-6
-4
-7
-6
-8
-6
-8
-11
-8
-11
-10
-9
-10
-10
-9
-10
-10
-8
-5
-5
-4
-1
-2
-3
-1
-1
-2
-1
-1
-1
-2
1
-1
-1
-1
-3
-2
-4
-4
-6
-10
-7
-8
-9
-6
-9
-9
-10
-11
-9
-9
-9
-9
-8
-9
-8
-9
-8
-9
-11
-11
-11
-13
-13
-15
-15
-14
-15
-15
-12
-17
-16
-14
-12
-13
-14
-12
-16
-15
-14
-15
-17
-17
-17
-18
-18
-20
-21
-21
-24
-21
-18
-18
-18
-16
-16
-18
-16
-17
-17
-16
-16
-17
-16
-18
-18
-17
-18
-19
-20
-21
-22
-21
-18
-18
-20
-19
-17
-16
-13
-10
-12
-11
-11
-12
-13
-12
-12
-14
-12
-15
-14
-13
-13
-12
-11
-10
-11
-8
-8
-6
-5
-3
-3
-4
-2
0
-4
-3
-3
-5
-7
-5
-7
-10
-5
-5
-6
-5
-4
-6
-2
0
-2
2
1
1
2
4
4
5
5
2
4
5
6
7
6
6
5
6
4
5
7
7
9
9
11
11
13
15
14
15
16
17
15
15
17
16
17
17
14
14
17
16
15
19
17
18
19
21
23
22
27
29
27
27
28
24
24
23
22
24
24
22
21
22
24
23
23
25
27
26
26
30
30
29
30
30
28
24
27
22
20
21
21
22
21
21
19
21
23
20
18
18
19
16
13
18
16
15
15
15
15
15
16
17
15
14
14
12
14
16
13
13
17
13
14
16
14
14
13
14
14
14
16
18
16
13
10
12
10
10
8
7
8
9
10
8
7
7
7
7
8
7
7
10
12
12
13
14
12
11
9
10
8
7
5
4
4
3
4
2
0
1
1
-2
-3
-3
-3
-1
-4
-7
-7
-7
-8
-6
-6
-8
-10
-11
-9
-8
-8
-5
-6
-5
-6
-9
-7
-10
-11
-8
-8
-9
-12
-11
-12
-10
-8
-10
-11
-10
-10
-11
-12
-10
-11
-13
-12
-10
-9
-8
-9
-10
-8
-7
-5
-9
-9
-7
-7
-5
-5
-8
-8
-8
-8
-8
-9
-8
-10
-8
-10
-9
-8
-6
-6
-6
-4
-7
-4
-4
-5
-5
-4
-4
-6
-4
-4
-3
-5
-4
-5
-4
-7
-7
-8
-8
-8
-9
-10
-11
-8
-9
-10
-10
-9
-10
-12
-10
-10
-11
-11
-10
-11
-9
-10
-9
-7
-8
-6
-8
-6
-5
-5
-2
-4
-2
-1
-3
1
-1
0
-1
-2
-2
-2
-2
-4
-6
-3
-3
-4
-4
-2
-5
-4
-4
-4
-4
-9
-8
-8
-6
-4
-5
-2
-2
0
1
3
3
0
0
-1
1
2
2
-1
-2
-2
-1
-1
-2
-2
-1
-2
1
1
2
2
3
6
8
9
8
5
6
6
5
3
0
0
2
1
1
1
0
2
2
4
2
1
1
-1
-2
1
1
-1
2
-1
-2
0
-1
-2
-1
-1
-4
-2
-1
-5
-5
-1
-1
-3
-4
-3
-3
-1
2
2
1
1
2
3
4
7
5
3
2
1
0
0
0
-1
-1
-1
-1
-3
-1
1
0
0
0
1
1
4
4
4
5
5
6
3
4
7
6
5
7
8
7
8
7
6
4
3
4
6
5
7
6
4
4
5
7
6
7
9
8
6
7
8
3
3
2
1
1
3
5
3
2
3
4
2
0
-1
0
0
2
2
1
1
-1
-1
1
2
0
-1
-1
-3
-6
-1
-1
1
3
4
5
4
6
6
6
4
4
4
4
4
4
4
1
2
1
-1
-2
-1
0
-1
0
0
-1
1
2
2
2
0
-5
-3
-3
-3
-1
-1
-2
-2
-1
-3
-2
-2
-2
-1
0
2
1
0
3
3
5
6
8
5
4
6
6
4
2
2
1
0
1
0
-1
-3
-3
-3
-6
-5
-6
-7
-6
-2
-1
-2
-1
-1
1
0
1
2
-2
-1
-4
-3
-3
-6
-9
-9
-10
-9
-10
-11
-11
-12
-8
-7
-6
-7
-8
-6
-5
-5
-5
-4
-4
-4
-4
-2
0
-2
-5
-3
-3
-3
-3
-2
-2
1
3
2
6
5
4
0
1
3
0
0
1
-2
-2
-4
-5
-1
-3
-3
-1
-1
-1
0
0
-1
3
4
4
1
-2
-2
-1
-4
-6
-6
-9
-9
-9
-9
-10
-9
-8
-8
-6
-7
-6
-9
-11
-6
-7
-7
-5
-9
-8
-8
-8
-8
-8
-8
-9
-7
-7
-6
-6
-2
-1
-1
1
2
4
4
5
4
5
5
5
5
1
1
0
1
0
1
-2
-2
0
-1
2
3
3
4
5
6
10
13
10
11
11
10
13
13
10
7
8
9
7
4
6
3
3
5
4
6
5
7
8
6
7
4
7
6
4
6
4
2
2
1
1
1
3
2
0
-2
-1
0
2
0
-2
-4
-2
0
1
2
3
5
4
4
3
5
4
4
6
6
5
3
2
1
3
0
1
2
2
0
2
2
3
8
7
7
9
10
8
8
9
7
9
10
7
9
8
6
7
5
4
3
5
7
6
10
9
6
5
4
8
5
3
5
6
4
5
4
2
5
4
1
-2
0
-1
-2
-1
-2
-1
-3
-3
-2
-2
-3
-1
-2
-2
-3
-3
-5
-8
-5
-5
-7
-8
-5
-6
-9
-7
-9
-11
-9
-8
-11
-11
-10
-11
-10
-9
-8
-8
-8
-11
-12
-12
-10
-11
-12
-10
-11
-9
-12
-10
-9
-7
-6
-8
-6
-8
-7
-7
-7
-8
-9
-8
-6
-7
-7
-7
-6
-6
-4
-2
-4
-3
-1
0
-3
-2
0
-2
0
-2
-4
-3
-1
-1
-4
-4
-4
-3
-2
-3
-4
-3
-1
-5
-3
-2
-4
-2
-4
-5
-4
-1
-4
-5
-7
-8
-7
-5
-7
-8
-7
-7
-6
-5
-5
-3
-1
1
2
0
3
4
2
2
3
4
4
0
1
2
-1
2
-3
-1
0
0
3
3
5
5
7
7
8
10
10
10
8
9
8
7
8
8
3
4
5
3
5
6
6
8
7
9
9
10
10
10
10
6
7
9
7
5
4
2
5
5
4
5
4
3
5
5
3
2
1
2
4
6
6
4
2
3
3
3
1
1
2
-1
0
-3
-3
-3
-4
-5
-6
-5
-8
-5
-2
-3
-1
-1
-2
-4
-3
-2
-4
-4
-5
-4
-7
-6
-4
-5
-5
-8
-9
-10
-5
-5
-3
-4
-6
-4
-3
-1
-4
-1
-2
-3
-2
-3
-2
-1
-1
-1
3
0
2
2
2
3
3
3
3
3
0
0
0
-1
-2
0
-2
-4
-2
-2
0
-2
-2
-4
-4
-2
-2
-3
-1
-3
-3
-1
0
5
2
1
0
2
3
3
3
0
1
0
0
0
1
2
2
1
-2
-2
-1
-1
0
1
1
-1
-2
1
3
2
2
3
2
0
3
3
1
1
1
-1
0
-1
0
0
0
1
-1
-2
-3
-1
-2
-1
0
0
2
3
5
3
4
7
5
5
8
9
9
9
7
5
7
9
6
9
6
6
6
6
6
5
8
6
4
6
4
3
4
6
4
4
6
6
9
9
7
9
7
8
8
5
6
6
6
3
0
0
0
3
0
-1
-2
-3
-2
-2
-1
-1
-1
-2
-2
-2
0
-1
-1
-3
-2
-3
-5
-6
-5
-7
-7
-5
-5
-6
-6
-3
-3
-3
-2
-2
0
0
3
2
5
4
3
3
3
1
3
-1
-3
-2
-5
-2
-2
-2
-2
-4
-3
-5
-5
-2
-4
-3
-1
-1
0
0
1
4
4
2
4
2
2
1
-1
0
-2
-2
0
-4
-4
0
-3
0
-3
-1
0
-1
-2
-1
0
-1
2
1
1
0
-1
-1
-1
-2
-5
-2
-3
-4
-3
-2
2
4
4
8
7
8
9
8
10
9
8
8
6
5
4
3
3
4
6
2
3
0
0
3
4
4
6
7
4
5
3
5
5
5
5
2
2
1
2
0
2
2
-1
0
-1
0
1
1
2
0
1
-1
-2
1
3
2
1
2
-1
-2
1
0
2
-1
-1
-2
-5
-3
-4
-3
-3
-4
-4
-4
-6
-4
-3
-7
-5
-5
-6
-7
-8
-7
-8
-8
-9
-11
-12
-12
-11
-11
-8
-7
-9
-4
-4
-6
-4
-4
-6
-6
-4
-8
-6
-7
-8
-10
-11
-9
-9
-8
-8
-8
-8
-8
-8
-7
-7
-7
-5
-4
-4
-3
-2
-3
-4
-5
-4
-6
-4
-6
-8
-8
-7
-8
-6
-4
-5
-5
-3
-3
-2
-2
-2
-2
-1
-1
0
-3
-5
-7
-5
-5
-4
-6
-5
-2
-4
-4
-4
-5
-3
-2
-1
-1
-2
0
-1
-1
0
-1
-3
-3
-4
-4
-6
-6
-1
0
0
-1
-1
1
2
3
3
4
5
5
4
2
-2
0
-2
-2
-6
-6
-4
-7
-6
-7
-8
-6
-7
-6
-4
-2
1
3
5
7
7
5
6
9
6
5
4
4
4
2
0
1
0
-4
-5
-4
-2
-4
-2
0
2
-1
-2
-2
-2
0
-2
0
0
-3
-2
1
2
3
1
1
1
0
2
1
1
3
2
2
4
2
1
3
5
4
3
6
5
3
2
3
2
1
-1
-2
-1
-1
-2
0
0
-1
1
2
3
4
5
5
6
5
7
6
5
4
1
3
1
0
0
1
-1
-2
0
0
-3
-4
-4
-3
-5
-4
-4
-4
0
-2
-4
-3
-6
-4
-3
-5
-3
-2
-1
0
0
3
2
6
3
3
2
6
6
3
4
2
1
2
1
2
3
1
-1
-2
-3
-4
-3
-2
-4
-5
-4
-3
-1
-3
-3
2
-2
1
3
3
6
6
8
5
7
5
3
2
6
6
5
8
7
9
10
12
10
11
11
13
12
12
12
13
11
10
12
11
11
7
6
6
7
6
8
4
2
1
0
0
4
5
3
3
2
5
3
3
2
0
0
-2
1
-4
-2
1
0
-2
-1
-1
2
1
1
6
6
6
5
4
3
5
6
6
5
0
-1
-1
-2
-2
-2
-1
-4
-3
-3
-6
-3
-1
0
-2
-3
-1
0
-1
1
2
2
3
-1
0
1
-1
-1
1
1
2
4
3
5
6
5
4
2
3
4
2
2
0
0
0
1
0
-2
-1
1
1
1
0
0
-1
0
0
1
0
3
3
4
3
1
0
0
1
0
-2
-2
-3
-4
-4
-5
-3
-3
-2
-4
-8
-6
-11
-10
-10
-10
-7
-7
-4
-3
-2
-2
-3
-1
-3
-4
-2
-3
-9
-6
-7
-8
-6
-5
-3
-3
-2
-2
-3
-4
-4
-6
-6
-7
-6
-6
-6
-4
-4
-4
-6
-6
-6
-6
-5
-3
-3
1
1
0
3
1
3
2
2
0
0
-1
-4
-4
-4
-6
-9
-8
-8
-7
-7
-5
-7
-7
-8
-8
-9
-5
-3
-5
-4
-5
-4
-4
0
-3
-2
-4
-5
-5
-6
-6
-7
-7
-8
-10
-10
-10
-8
-5
-5
-5
-4
-2
-1
0
1
0
2
0
0
-1
1
-1
-2
1
1
-1
0
0
-2
0
-1
1
0
1
4
6
5
5
6
4
5
2
2
2
4
5
6
3
2
4
2
2
3
1
2
4
4
4
0
2
3
0
3
2
2
1
3
1
1
2
0
-1
-2
3
2
4
6
5
6
7
6
5
8
6
9
9
11
10
9
10
6
8
9
8
8
8
12
9
11
12
11
12
12
13
11
14
13
10
9
6
8
2
5
1
-3
-1
-3
-3
-3
-1
-1
0
-1
2
2
1
4
2
2
4
5
7
6
5
4
7
8
4
8
7
6
6
4
6
6
5
3
4
3
1
5
4
4
1
-1
2
1
1
0
0
-2
-3
-4
-4
-3
0
2
-1
-1
0
3
5
6
6
5
9
4
4
5
6
5
2
1
-3
-2
-2
-6
-3
-3
-2
-3
-2
-3
-2
-3
-4
-1
-1
-1
-1
-2
-1
-3
-6
-8
-7
-8
-8
-8
-9
-8
-8
-7
-6
-7
-7
-5
-3
-7
-6
-6
-5
-8
-9
-7
-9
-12
-12
-11
-11
-15
-14
-11
-12
-11
-11
-11
-10
-11
-11
-10
-8
-9
-7
-9
-10
-10
-11
-10
-12
-10
-8
-9
-7
-6
-6
-5
-4
-2
-4
-2
-1
-5
-6
-3
-4
-5
-4
-6
-7
-8
-10
-11
-10
-10
-11
-10
-12
-10
-7
-9
-6
-5
-6
-3
-3
-2
-3
-4
-3
-4
-4
-3
-1
-2
-3
-4
-2
-6
-6
-3
-4
-4
-3
-2
-1
0
0
1
2
2
3
3
1
3
3
1
1
2
2
-2
-3
-2
-2
-3
-1
-3
-4
-1
-3
1
3
2
3
3
2
2
2
4
4
2
3
-1
0
-1
-2
-2
0
1
-1
0
4
5
4
9
8
7
8
9
8
8
5
5
4
3
1
2
6
4
5
7
7
10
8
9
13
12
13
13
13
13
12
14
15
15
15
13
15
17
16
14
14
16
14
16
15
14
16
15
17
16
14
13
16
16
13
13
11
12
11
10
11
13
10
6
7
7
5
5
6
6
7
6
9
9
10
9
10
11
13
11
8
7
5
5
5
4
2
1
0
-2
-2
0
2
1
3
3
6
9
8
9
8
9
8
7
7
7
9
7
7
7
3
4
6
10
9
8
10
10
11
11
12
11
14
12
13
10
9
11
7
6
3
5
3
4
3
1
2
1
2
0
3
1
3
5
5
6
4
5
6
4
1
2
3
1
-3
-2
-2
0
2
-2
-4
-6
-4
-5
-4
0
-1
-2
-2
1
0
0
1
2
1
-1
-1
-2
-2
-1
-3
-3
-6
-2
-4
-7
-4
-6
-6
-7
-8
-8
-8
-9
-9
-9
-10
-9
-10
-10
-9
-9
-9
-8
-8
-7
-9
-6
-6
-5
-4
-5
-3
-5
-3
-4
-6
-3
-3
-5
-5
-8
-8
-10
-12
-13
-16
-16
-17
-18
-20
-21
-23
-23
-20
-20
-21
-22
-21
-18
-18
-21
-21
-22
-20
-22
-26
-25
-25
-23
-26
-27
-24
-24
-25
-25
-23
-22
-23
-21
-21
-20
-19
-19
-23
-21
-22
-25
-26
-25
-24
-26
-23
-23
-25
-25
-24
-23
-20
-17
-17
-16
-19
-16
-13
-11
-13
-15
-14
-20
-18
-19
-19
-18
-20
-20
-23
-23
-22
-19
-18
-17
-18
-20
-17
-15
-14
-12
-12
-12
-10
-10
-11
-12
-9
-8
-8
-9
-10
-8
-11
-11
-10
-12
-10
-11
-9
-10
-8
-6
-4
0
-1
1
4
2
2
3
3
2
4
4
-1
3
5
4
3
1
3
4
7
8
9
10
10
12
13
13
14
12
11
14
10
13
12
10
11
10
11
10
16
15
15
17
17
18
18
19
17
19
18
15
18
17
18
18
21
19
18
20
22
21
21
20
20
20
18
21
22
19
20
20
17
19
20
20
19
17
20
19
20
21
20
21
23
23
24
25
26
25
22
24
21
21
21
19
17
15
17
15
15
17
14
10
10
10
9
12
10
11
11
11
12
13
13
12
11
13
12
13
16
16
14
15
15
12
13
12
14
12
12
12
9
10
8
9
6
7
8
6
6
5
6
4
6
6
7
8
7
9
10
11
11
12
11
10
11
11
9
11
13
11
10
12
11
13
12
10
10
9
8
8
7
9
7
7
7
8
7
4
2
4
3
0
4
5
6
8
7
6
4
2
5
5
4
3
1
0
-3
-1
1
0
1
2
1
1
-1
-3
-4
-7
-7
-6
-8
-4
-7
-10
-7
-6
-5
-6
-7
-6
-3
-2
-3
-3
-3
-5
-4
-4
-5
-6
-5
-5
-4
-5
-6
-5
-5
-6
-3
-6
-6
-4
-5
-4
-5
-5
-6
-3
-5
-7
-8
-10
-8
-9
-10
-11
-11
-14
-11
-14
-16
-17
-19
-18
-18
-19
-19
-18
-19
-14
-13
-12
-13
-16
-14
-14
-15
-14
-13
-15
-16
-14
-16
-16
-16
-14
-17
-17
-15
-17
-17
-14
-12
-12
-10
-10
-12
-11
-12
-12
-13
-14
-14
-17
-17
-18
-16
-14
-16
-15
-18
-17
-16
-17
-15
-15
-12
-10
-8
-7
-7
-7
-7
-6
-7
-9
-10
-8
-8
-9
-10
-10
-11
-9
-11
-8
-6
-7
-3
-5
-6
-3
-4
-4
-3
-2
-2
-2
1
1
-3
-2
-5
-7
-8
-8
-8
-8
-7
-4
-5
-5
1
2
5
7
6
9
10
11
9
9
8
4
5
2
-1
0
-3
-3
-4
-6
-3
-4
3
1
2
7
7
9
9
13
14
13
15
15
14
13
10
8
10
10
10
14
11
11
12
12
12
15
16
16
18
19
18
20
17
15
14
10
9
8
5
5
4
6
4
8
7
10
10
10
16
14
14
15
17
17
18
21
16
18
18
15
13
14
12
12
11
8
5
6
5
8
8
6
9
9
11
12
11
11
11
11
12
11
10
13
12
14
9
9
7
10
10
7
9
11
11
9
10
9
9
6
3
2
0
-5
-8
-7
-10
-12
-13
-16
-15
-13
-15
-12
-11
-8
-8
-5
-1
0
2
5
8
7
7
9
9
10
7
4
6
4
0
0
0
-2
-4
-3
-4
-4
-5
-6
-7
-10
-9
-14
-16
-20
-20
-18
-18
-17
-15
-12
-12
-9
-6
-4
3
4
6
9
11
14
14
13
11
9
5
-1
-5
-9
-15
-20
-27
-30
-34
-35
-39
-37
-37
-37
-36
-31
-27
-24
-19
-14
-8
-6
0
7
13
18
22
26
26
26
25
25
23
20
18
14
11
9
4
2
1
-3
-6
-4
-6
-7
-9
-11
-13
-19
-18
-21
-24
-28
-31
-33
-31
-31
-26
-22
-19
-12
-5
2
11
18
21
25
26
20
10
2
-4
-12
-26
-34
-43
-49
-55
-57
-54
-50
-48
-44
-39
-35
-31
-27
-20
-15
-9
-3
3
4
7
13
13
14
13
16
14
14
9
6
-1
-9
-15
-20
-18
-23
-19
-12
-8
-3
1
12
17
15
10
7
0
-13
-28
-42
-49
-60
-73
-78
-72
-63
-59
-51
-32
-16
-5
1
6
9
2
-5
-8
-12
-15
-18
-17
-21
-23
-19
-13
-5
-7
2
12
15
15
15
14
3
-2
-13
-21
-26
-26
-28
-29
-28
-25
-14
-6
5
12
22
25
26
24
32
51
76
152
296
472
621
772
941
1079
1111
1075
1049
967
784
568
423
291
100
-86
-188
-237
-315
-372
-351
-291
-272
-271
-245
-212
-208
-257
-324
-410
-502
-637
-806
-975
-1134
-1308
-1534
-1731
-1875
-1986
-2112
-2223
-2294
-2343
-2391
-2445
-2423
-2261
-1923
-1462
-865
-58
920
1882
2697
3474
4237
4799
4990
4971
4902
4638
4039
3275
2621
1970
1147
274
-382
-845
-1343
-1858
-2181
-2278
-2385
-2559
-2637
-2511
-2357
-2327
-2281
-2057
-1734
-1509
-1289
-901
-395
34
395
853
1391
1821
2067
2256
2404
2409
2219
1935
1632
1269
827
358
-42
-379
-659
-897
-1075
-1168
-1202
-1201
-1194
-1161
-1114
-1075
-1061
-1062
-1033
-957
-865
-777
-613
-313
82
480
913
1435
1970
2384
2689
2970
3147
3118
2909
2648
2322
1854
1304
780
302
-177
-608
-946
-1188
-1365
-1480
-1527
-1512
-1435
-1348
-1278
-1219
-1141
-1107
-1171
-1289
-1413
-1557
-1759
-1930
-2022
-2066
-2104
-2101
-2041
-1974
-1934
-1930
-1936
-1972
-1995
-1945
-1753
-1396
-847
-74
883
1908
2841
3705
4550
5266
5630
5669
5584
5345
4760
3875
3034
2279
1373
307
-579
-1162
-1694
-2272
-2678
-2776
-2804
-2913
-2957
-2770
-2490
-2357
-2291
-2087
-1735
-1452
-1260
-954
-477
-36
269
641
1175
1672
1944
2112
2286
2358
2197
1896
1593
1231
735
166
-333
-737
-1083
-1390
-1624
-1750
-1781
-1748
-1674
-1534
-1372
-1231
-1123
-1018
-908
-788
-611
-381
-104
194
570
1028
1522
2028
2541
3011
3328
3522
3639
3662
3490
3155
2737
2236
1647
1018
457
-69
-583
-1056
-1417
-1658
-1803
-1867
-1891
-1875
-1847
-1824
-1853
-1896
-1948
-2065
-2240
-2407
-2469
-2520
-2576
-2573
-2479
-2388
-2353
-2289
-2222
-2195
-2256
-2288
-2233
-2054
-1739
-1285
-607
352
1556
2689
3631
4527
5492
6221
6428
6381
6325
6051
5207
4129
3269
2497
1396
120
-782
-1338
-1933
-2651
-3048
-3051
-3052
-3255
-3356
-3071
-2719
-2610
-2627
-2366
-1928
-1667
-1528
-1153
-508
-15
279
696
1363
1932
2201
2377
2587
2651
2389
2005
1661
1282
724
59
-501
-913
-1248
-1566
-1783
-1860
-1826
-1744
-1628
-1457
-1248
-1041
-909
-830
-663
-303
95
315
487
882
1433
1835
2128
2590
3105
3314
3268
3335
3463
3275
2790
2350
2007
1513
900
407
52
-358
-825
-1194
-1408
-1553
-1742
-1963
-2171
-2323
-2493
-2706
-2865
-2917
-2969
-3101
-3159
-3074
-2921
-2809
-2685
-2551
-2492
-2494
-2519
-2568
-2660
-2710
-2659
-2474
-2067
-1380
-429
776
2229
3672
4819
5799
6869
7770
8005
7756
7487
7051
5982
4543
3403
2440
1128
-423
-1518
-2095
-2653
-3321
-3678
-3581
-3463
-3561
-3627
-3318
-2929
-2861
-2999
-2878
-2470
-2214
-2102
-1743
-1019
-410
2
598
1479
2237
2610
2873
3111
3154
2838
2378
1917
1364
653
-121
-752
-1225
-1541
-1794
-1928
-1923
-1799
-1594
-1364
-1096
-875
-702
-651
-645
-500
-145
192
280
418
872
1476
1860
2235
2865
3395
3502
3444
3653
3744
3385
2791
2334
1872
1186
542
74
-295
-771
-1182
-1482
-1631
-1712
-1855
-2059
-2275
-2340
-2480
-2654
-2766
-2715
-2725
-2873
-2893
-2761
-2583
-2550
-2471
-2392
-2400
-2506
-2633
-2716
-2925
-3186
-3405
-3356
-3103
-2557
-1456
177
1872
3113
4372
6007
7608
8330
8465
8754
8861
8042
6531
5484
4702
3322
1296
-225
-940
-1684
-2749
-3509
-3473
-3386
-3695
-4036
-3716
-3143
-3092
-3454
-3499
-3058
-2861
-2962
-2781
-2027
-1384
-1135
-671
368
1507
2156
2594
3112
3534
3503
3180
2850
2425
1716
763
-99
-758
-1236
-1673
-2036
-2245
-2260
-2090
-1857
-1540
-1188
-842
-657
-533
-304
71
334
376
477
789
1176
1427
1817
2414
2977
3238
3406
3705
3913
3803
3431
3039
2537
1883
1152
527
-15
-568
-1125
-1618
-1926
-2133
-2304
-2506
-2663
-2756
-2863
-2950
-2982
-2904
-2848
-2815
-2749
-2614
-2419
-2263
-2142
-2099
-2091
-2158
-2307
-2530
-2747
-2954
-3239
-3600
-3882
-3782
-3079
-1695
12
1540
2927
4518
6334
7768
8528
9065
9437
9189
8058
6843
5986
4960
3248
1318
30
-838
-1769
-2756
-3149
-3157
-3313
-3755
-3866
-3412
-3105
-3278
-3693
-3669
-3528
-3528
-3540
-3125
-2427
-1988
-1616
-885
372
1503
2290
2901
3475
3814
3736
3483
3155
2630
1720
679
-223
-839
-1295
-1736
-2055
-2217
-2148
-1962
-1647
-1234
-836
-572
-446
-251
61
427
704
884
1024
1249
1499
1828
2249
2747
3159
3307
3416
3572
3719
3534
3135
2661
2107
1396
688
172
-301
-838
-1469
-1915
-2258
-2451
-2628
-2797
-2987
-3192
-3290
-3389
-3306
-3163
-2978
-2923
-2867
-2667
-2404
-2172
-2059
-1942
-1967
-2113
-2366
-2554
-2681
-2904
-3295
-3789
-3936
-3295
-1707
105
1506
2762
4473
6509
7879
8536
9218
9859
9484
7980
6668
6029
5035
2962
828
-373
-1133
-2272
-3363
-3522
-3198
-3310
-3888
-3840
-3044
-2525
-2840
-3327
-3216
-3075
-3369
-3679
-3240
-2487
-2236
-2199
-1461
1
1274
2090
2809
3661
4128
4034
3768
3562
3075
2003
707
-394
-1104
-1698
-2246
-2639
-2805
-2696
-2409
-1956
-1392
-729
-205
112
473
1104
1697
1867
1853
1957
2131
1994
1905
2212
2618
2656
2470
2578
2782
2800
2553
2296
1984
1503
855
235
-235
-644
-1116
-1787
-2245
-2436
-2565
-2829
-3028
-2988
-3025
-3179
-3232
-2978
-2755
-2755
-2757
-2596
-2352
-2249
-2222
-2210
-2229
-2354
-2593
-2772
-2825
-2917
-3301
-3787
-3761
-2587
-611
1064
2202
3528
5675
7687
8564
9010
9887
10484
9426
7525
6492
6071
4535
1792
-265
-1053
-1865
-3421
-4371
-4049
-3516
-3911
-4422
-3699
-2402
-1920
-2527
-2739
-2334
-2240
-2883
-3271
-2692
-2190
-2379
-2604
-1638
-49
1124
1779
2623
3717
4287
4243
4043
3959
3382
2119
560
-602
-1333
-2123
-2992
-3695
-3848
-3651
-3354
-2939
-2213
-1164
-234
352
797
1497
2231
2562
2456
2439
2623
2536
2247
2248
2709
2885
2619
2443
2730
2973
2741
2360
2028
1582
767
-62
-683
-1124
-1738
-2487
-3073
-3306
-3314
-3390
-3385
-3195
-2864
-2715
-2595
-2266
-1887
-1779
-1968
-2075
-2037
-2055
-2243
-2474
-2651
-2841
-3059
-3227
-3270
-3335
-3495
-3624
-3144
-1630
367
1998
3139
4643
6701
8338
8907
9289
9960
10032
8745
7069
6213
5459
3681
1189
-492
-1389
-2451
-3849
-4562
-4361
-4220
-4605
-4785
-3909
-2862
-2527
-2776
-2606
-2121
-2083
-2434
-2476
-2007
-1889
-2129
-2053
-1169
-40
795
1508
2348
3249
3733
3946
4048
3944
3361
2286
1143
185
-594
-1490
-2374
-3120
-3493
-3512
-3369
-3054
-2559
-1844
-1147
-403
438
1277
1915
2325
2657
2940
3025
3016
3035
3112
3123
3080
2959
2774
2707
2593
2419
2024
1661
1220
665
-15
-608
-1103
-1776
-2416
-2993
-3324
-3697
-3926
-4094
-4127
-4066
-3967
-3699
-3466
-3155
-2876
-2550
-2275
-1981
-1760
-1706
-1758
-1934
-2112
-2364
-2578
-2826
-3116
-3414
-3492
-2696
-965
1068
2494
3706
5522
7828
9284
9699
10252
10897
10563
8776
7267
6469
5292
2798
263
-1165
-2200
-3595
-5008
-5270
-5067
-5037
-5432
-4984
-3784
-2816
-2634
-2723
-2166
-1758
-1775
-2186
-1983
-1726
-1898
-2235
-1944
-870
40
772
1427
2450
3290
3825
4147
4348
4262
3534
2482
1332
472
-423
-1444
-2476
-3296
-3640
-3754
-3618
-3318
-2690
-1921
-1155
-390
389
1266
1931
2381
2626
2883
3054
3069
3073
3185
3349
3293
3079
2968
3022
2957
2680
2307
1927
1439
762
70
-482
-1045
-1737
-2538
-3111
-3492
-3787
-4100
-4325
-4323
-4295
-4182
-3961
-3561
-3222
-2937
-2689
-2396
-2191
-2092
-2017
-2057
-2226
-2509
-2687
-2836
-2995
-3256
-3527
-3542
-2607
-594
1474
2842
4069
6145
8506
9726
10145
10926
11666
10962
9046
7726
7063
5596
2866
454
-883
-2067
-3809
-5180
-5465
-5391
-5787
-6329
-5752
-4545
-3757
-3812
-3631
-2899
-2442
-2549
-2603
-2008
-1708
-1996
-2262
-1622
-608
135
738
1525
2479
3085
3550
4009
4395
4209
3503
2628
1797
1052
114
-811
-1760
-2547
-3089
-3316
-3251
-3033
-2531
-1965
-1383
-810
90
1071
1738
2086
2468
2969
3095
3085
3227
3566
3522
3194
2974
2988
2921
2578
2262
1907
1526
924
385
-88
-517
-1049
-1772
-2392
-2851
-3196
-3624
-3984
-4208
-4339
-4488
-4459
-4133
-3807
-3587
-3429
-3087
-2695
-2399
-2173
-2008
-1892
-1995
-2222
-2479
-2591
-2768
-3134
-3605
-3607
-2381
-333
1530
2787
4273
6590
8880
10000
10631
11605
12254
11308
9450
8324
7571
5741
2775
452
-868
-2285
-4257
-5521
-5697
-5689
-6263
-6606
-5741
-4547
-3970
-4055
-3607
-2881
-2575
-2795
-2693
-2124
-1996
-2354
-2485
-1686
-739
-6
623
1581
2564
3171
3648
4185
4599
4319
3596
2715
1970
1137
156
-810
-1753
-2490
-2989
-3170
-3162
-2919
-2425
-1780
-1151
-453
502
1393
1983
2304
2675
3008
3037
2950
3017
3172
3042
2708
2491
2508
2478
2212
1898
1658
1422
953
430
37
-296
-841
-1633
-2231
-2633
-3031
-3600
-4057
-4295
-4499
-4682
-4691
-4385
-4113
-3899
-3705
-3326
-2886
-2546
-2310
-2188
-2106
-2223
-2422
-2616
-2695
-2902
-3349
-3789
-3379
-1613
565
2162
3364
5263
7904
9759
10487
11296
12471
12536
10846
9185
8492
7480
4873
1962
178
-1035
-2917
-4826
-5534
-5548
-5872
-6685
-6507
-5380
-4369
-4274
-4279
-3597
-3019
-3038
-3286
-2789
-2269
-2395
-2841
-2449
-1356
-472
183
978
2101
2892
3417
3940
4559
4685
4143
3312
2458
1729
838
-111
-1091
-1976
-2609
-2959
-3046
-2936
-2607
-2146
-1654
-1031
27
1218
1959
2325
2688
3211
3359
3172
3166
3253
3090
2608
2366
2323
2253
2010
1782
1589
1350
1082
710
410
17
-349
-1031
-1684
-2172
-2594
-3136
-3811
-4157
-4505
-4744
-4960
-4784
-4574
-4467
-4330
-4011
-3479
-3080
-2663
-2457
-2253
-2208
-2206
-2336
-2438
-2521
-2847
-3279
-3274
-1835
369
2093
3229
4795
7356
9553
10483
11118
12190
12684
11406
9591
8622
7883
5726
2697
473
-772
-2319
-4396
-5517
-5671
-5686
-6487
-6716
-5756
-4494
-4096
-4308
-3779
-3063
-2788
-3166
-2975
-2427
-2349
-2856
-2905
-1937
-918
-205
380
1430
2420
3068
3516
4148
4562
4244
3484
2609
1976
1193
226
-766
-1681
-2376
-2839
-3013
-2966
-2703
-2230
-1651
-1091
-380
599
1556
2173
2482
2889
3316
3438
3347
3377
3455
3243
2792
2516
2481
2324
1956
1581
1305
987
560
163
-139
-460
-990
-1610
-2099
-2483
-2893
-3423
-3866
-4201
-4533
-4864
-4916
-4738
-4615
-4551
-4404
-4029
-3646
-3253
-2907
-2622
-2511
-2463
-2425
-2423
-2503
-2719
-3029
-3081
-1979
78
1930
3090
4466
6824
9167
10193
10828
11950
12777
11819
9985
9016
8392
6565
3482
1170
-158
-1635
-3863
-5298
-5578
-5636
-6377
-6958
-6119
-4870
-4227
-4465
-4002
-3173
-2720
-2985
-2955
-2299
-2142
-2566
-2889
-2090
-1106
-388
124
996
1999
2693
3162
3700
4207
4075
3503
2602
1922
1286
468
-517
-1531
-2182
-2543
-2771
-2892
-2729
-2275
-1796
-1324
-534
584
1584
2202
2585
3102
3558
3697
3654
3646
3666
3393
3023
2698
2540
2286
1898
1496
1134
819
436
63
-350
-688
-1170
-1620
-2077
-2470
-2880
-3366
-3761
-4160
-4469
-4801
-4852
-4806
-4771
-4739
-4606
-4289
-3958
-3580
-3219
-2970
-2921
-2818
-2649
-2564
-2705
-2997
-3163
-2811
-1380
620
2211
3400
4995
7432
9369
10235
11039
12165
12553
11307
9853
9143
8320
6092
3268
1256
-101
-1844
-3886
-5024
-5416
-5718
-6538
-6760
-5967
-4889
-4461
-4491
-3974
-3315
-2922
-3029
-2739
-2293
-2243
-2597
-2606
-1891
-1053
-290
321
1124
1858
2584
3126
3622
3864
3677
3189
2358
1671
1013
296
-649
-1600
-2212
-2446
-2556
-2627
-2415
-1945
-1422
-1063
-512
411
1308
1851
2142
2627
3128
3346
3472
3710
3961
3871
3650
3520
3450
3208
2793
2349
1800
1236
634
123
-423
-933
-1515
-2061
-2447
-2807
-3106
-3531
-3786
-4027
-4298
-4547
-4558
-4420
-4472
-4488
-4397
-4140
-4005
-3862
-3583
-3327
-3307
-3365
-3178
-2916
-2844
-3082
-3269
-2961
-1709
182
1807
3090
4568
6756
8793
9825
10668
11753
12410
11597
10248
9496
8841
7070
4385
2284
845
-734
-2797
-4189
-4813
-5212
-6079
-6685
-6202
-5304
-4759
-4848
-4462
-3833
-3346
-3321
-3092
-2537
-2330
-2529
-2637
-2010
-1208
-434
114
819
1569
2265
2812
3244
3605
3581
3231
2459
1784
1222
578
-315
-1309
-1992
-2320
-2488
-2652
-2522
-2101
-1647
-1393
-959
30
1065
1631
1911
2467
3115
3322
3361
3687
4052
3946
3569
3449
3494
3257
2755
2319
1876
1344
729
227
-170
-640
-1202
-1818
-2163
-2474
-2802
-3253
-3580
-3769
-4119
-4432
-4532
-4363
-4463
-4608
-4582
-4309
-4129
-4056
-3809
-3506
-3354
-3472
-3411
-3210
-3007
-3139
-3411
-3351
-2360
-430
1341
2636
3994
6078
8357
9634
10445
11573
12507
12084
10701
9840
9329
7938
5307
2956
1382
-114
-2206
-3884
-4606
-5001
-5717
-6541
-6239
-5373
-4650
-4685
-4468
-3870
-3412
-3339
-3347
-2891
-2655
-2790
-3086
-2660
-1860
-999
-355
332
1203
2012
2701
3171
3637
3769
3564
2873
2108
1541
954
91
-1008
-1833
-2190
-2387
-2603
-2593
-2161
-1645
-1416
-1253
-590
523
1388
1762
2076
2770
3259
3372
3492
4000
4322
3968
3517
3504
3673
3257
2629
2107
1711
1072
385
-43
-383
-842
-1582
-2095
-2396
-2561
-2886
-3300
-3566
-3793
-4077
-4371
-4295
-4164
-4211
-4442
-4418
-4183
-4053
-3951
-3762
-3469
-3474
-3550
-3435
-3075
-2936
-3113
-3428
-3244
-1947
-25
1605
2719
4181
6399
8436
9429
10428
11740
12461
11566
10282
9771
9161
7311
4608
2641
1170
-588
-2747
-4017
-4578
-5102
-6095
-6643
-6018
-5149
-4712
-4829
-4320
-3677
-3332
-3462
-3223
-2682
-2612
-2991
-3171
-2514
-1763
-1089
-519
364
1302
2083
2688
3331
3927
4071
3726
3002
2439
1924
1178
98
-956
-1641
-2066
-2457
-2668
-2496
-2028
-1686
-1579
-1259
-505
394
1121
1649
2201
2797
3111
3290
3632
4074
4216
3875
3521
3548
3584
3225
2599
2124
1702
1037
320
-74
-290
-749
-1511
-2064
-2244
-2422
-2740
-3185
-3427
-3712
-4048
-4311
-4274
-4123
-4212
-4394
-4429
-4189
-4004
-3846
-3687
-3414
-3313
-3298
-3163
-2897
-2771
-2942
-3258
-3272
-2244
-388
1386
2507
3730
5867
8204
9421
10250
11524
12626
12100
10633
9934
9512
7918
5053
2800
1356
-335
-2662
-4229
-4832
-5301
-6246
-6895
-6269
-5329
-4798
-4868
-4373
-3631
-3246
-3385
-3274
-2725
-2674
-3123
-3413
-2792
-2060
-1468
-902
115
1182
1967
2713
3560
4343
4463
4148
3573
3082
2448
1548
471
-595
-1457
-2130
-2628
-2859
-2728
-2430
-2139
-1921
-1461
-690
185
840
1263
1726
2240
2560
2787
3117
3580
3729
3465
3355
3547
3690
3362
2939
2612
2253
1608
998
647
306
-316
-1129
-1698
-2042
-2262
-2710
-3171
-3553
-3821
-4151
-4433
-4429
-4318
-4325
-4522
-4449
-4130
-3844
-3770
-3612
-3361
-3208
-3199
-3125
-2893
-2770
-2904
-3219
-3454
-3100
-1584
428
1903
2883
4519
7081
9121
10026
10940
12270
12738
11533
10158
9654
8827
6511
3610
1697
332
-1568
-3717
-4855
-5244
-5815
-6710
-6812
-5883
-4994
-4781
-4748
-4090
-3477
-3341
-3501
-3179
-2810
-3027
-3470
-3332
-2492
-1737
-1084
-221
930
1915
2767
3646
4556
4967
4800
4315
3666
2986
2139
1169
19
-1098
-1980
-2535
-2873
-2920
-2701
-2349
-2099
-1816
-1203
-410
254
606
978
1462
1862
2105
2491
3001
3340
3373
3418
3717
3954
3964
3778
3499
3054
2457
1891
1381
790
53
-723
-1405
-1975
-2423
-2741
-3076
-3490
-3869
-4095
-4198
-4263
-4331
-4310
-4245
-4245
-4187
-3957
-3697
-3530
-3443
-3288
-3049
-2944
-2862
-2767
-2728
-2859
-3099
-3275
-3065
-1962
-126
1565
2710
4065
6327
8667
9890
10650
11741
12562
11846
10308
9446
8792
6977
4072
1742
287
-1318
-3461
-4945
-5479
-5752
-6471
-6920
-6261
-5181
-4584
-4655
-4254
-3556
-3176
-3390
-3380
-2943
-2845
-3290
-3478
-2759
-1809
-1046
-366
758
1936
2915
3682
4524
5151
5133
4628
3912
3290
2519
1500
290
-799
-1719
-2375
-2787
-2868
-2666
-2351
-2038
-1737
-1233
-547
90
407
555
902
1412
1724
1891
2342
2950
3229
3235
3484
4091
4295
4051
3821
3744
3360
2612
1950
1424
768
-162
-979
-1615
-2087
-2602
-3071
-3502
-3745
-3922
-4179
-4337
-4298
-4127
-4137
-4123
-3962
-3672
-3538
-3426
-3186
-2899
-2735
-2648
-2547
-2476
-2515
-2586
-2631
-2789
-3024
-3094
-2184
-361
1422
2626
3923
6091
8476
9725
10365
11379
12211
11610
9994
9027
8364
6651
3787
1443
0
-1558
-3551
-4918
-5339
-5590
-6204
-6556
-5887
-4888
-4313
-4332
-4032
-3497
-3289
-3480
-3445
-3071
-3064
-3465
-3537
-2762
-1872
-1108
-233
998
2111
2947
3734
4585
5094
4953
4536
3906
3222
2374
1478
492
-560
-1460
-2040
-2288
-2358
-2219
-1970
-1645
-1372
-1018
-493
42
361
393
438
646
945
1168
1449
1847
2162
2411
2736
3281
3746
3897
3841
3728
3517
3057
2518
1965
1336
483
-423
-1161
-1721
-2233
-2786
-3257
-3614
-3869
-4139
-4264
-4255
-4174
-4133
-4110
-3899
-3623
-3357
-3142
-2938
-2752
-2599
-2491
-2416
-2397
-2402
-2404
-2459
-2591
-2723
-2870
-2769
-1739
173
1896
2950
4149
6312
8544
9418
9833
10724
11440
10508
8724
7797
7202
5444
2589
556
-515
-1756
-3618
-4748
-4882
-4881
-5446
-5824
-5076
-4101
-3778
-4184
-3985
-3447
-3317
-3780
-3843
-3338
-3229
-3594
-3569
-2518
-1395
-534
221
1429
2561
3328
3881
4570
5082
4893
4266
3487
2950
2241
1397
415
-419
-1131
-1610
-1825
-1817
-1654
-1471
-1194
-1049
-811
-518
-110
64
20
39
241
432
554
871
1335
1742
1999
2486
3082
3531
3679
3723
3668
3362
2901
2425
1951
1305
491
-339
-977
-1478
-1909
-2382
-2788
-3121
-3447
-3770
-3888
-3767
-3672
-3699
-3705
-3511
-3315
-3144
-2932
-2658
-2548
-2556
-2515
-2381
-2318
-2373
-2371
-2370
-2358
-2455
-2624
-2658
-1885
-121
1589
2589
3585
5486
7693
8716
8971
9664
10380
9766
8080
7042
6620
5319
2787
642
-404
-1336
-2948
-4173
-4351
-4256
-4725
-5340
-4910
-4000
-3613
-4025
-4065
-3605
-3431
-3801
-3959
-3414
-3050
-3218
-3256
-2383
-1184
-248
417
1401
2448
3218
3675
4160
4640
4513
3925
3111
2554
2040
1379
548
-227
-853
-1240
-1406
-1395
-1268
-1112
-921
-857
-773
-615
-331
-252
-372
-425
-266
-131
46
420
988
1475
1759
2270
2868
3365
3549
3669
3607
3330
2948
2551
2155
1606
1005
323
-241
-758
-1137
-1544
-1985
-2327
-2663
-2963
-3183
-3164
-3186
-3320
-3457
-3389
-3204
-3148
-3084
-2901
-2733
-2686
-2644
-2474
-2233
-2182
-2260
-2326
-2282
-2303
-2488
-2792
-2796
-1926
-342
1078
2061
3242
5056
6930
7749
8217
8979
9609
9005
7637
6841
6314
5021
2781
1064
90
-911
-2387
-3344
-3593
-3726
-4243
-4690
-4319
-3799
-3577
-3843
-3790
-3571
-3445
-3523
-3441
-3015
-2788
-2775
-2598
-1907
-1060
-230
494
1344
2071
2658
3095
3543
3826
3692
3328
2798
2374
1948
1465
813
161
-397
-686
-866
-954
-959
-933
-872
-940
-942
-875
-700
-668
-791
-858
-696
-409
-137
184
624
1143
1611
2087
2553
2975
3235
3379
3351
3197
3041
2841
2508
1995
1503
1017
467
-108
-575
-918
-1360
-1863
-2291
-2594
-2864
-3088
-3237
-3343
-3461
-3512
-3397
-3241
-3109
-2995
-2797
-2648
-2582
-2507
-2370
-2297
-2421
-2539
-2518
-2406
-2425
-2622
-2804
-2666
-1815
-306
1054
2005
3048
4659
6266
7002
7442
8186
8731
8122
6955
6384
6038
4846
2959
1599
864
-158
-1581
-2449
-2673
-2993
-3801
-4337
-4071
-3662
-3680
-3960
-3748
-3319
-3210
-3278
-2951
-2273
-2013
-2164
-2022
-1328
-653
-283
107
753
1299
1579
1854
2381
2855
2865
2600
2348
2252
2090
1724
1234
781
425
109
-237
-466
-502
-525
-717
-996
-1057
-961
-911
-1004
-951
-722
-567
-484
-266
257
783
1106
1343
1740
2229
2589
2812
3037
3185
3121
3001
2924
2867
2624
2218
1754
1233
704
160
-307
-858
-1489
-2084
-2589
-2941
-3217
-3359
-3518
-3684
-3763
-3679
-3527
-3426
-3291
-3126
-3016
-3004
-2904
-2681
-2452
-2411
-2420
-2317
-2209
-2213
-2310
-2436
-2531
-2108
-866
551
1459
2189
3548
5397
6460
6820
7492
8447
8443
7338
6620
6533
5898
4089
2386
1486
594
-949
-2307
-2828
-3111
-3809
-4607
-4568
-4023
-3623
-3624
-3388
-2771
-2313
-2248
-2169
-1704
-1428
-1717
-2119
-1956
-1564
-1359
-1270
-848
-238
219
592
1206
1997
2461
2568
2515
2600
2641
2450
2027
1587
1201
811
321
-138
-346
-487
-717
-1065
-1233
-1141
-956
-887
-763
-476
-223
-148
-54
321
762
970
970
1184
1589
1902
2078
2364
2748
2951
3011
3142
3343
3309
3001
2593
2161
1600
933
266
-396
-1060
-1779
-2450
-2931
-3230
-3458
-3705
-3961
-4055
-3982
-3890
-3769
-3573
-3345
-3216
-3193
-3082
-2804
-2516
-2404
-2424
-2375
-2255
-2167
-2210
-2343
-2543
-2509
-1699
-246
1024
1847
2889
4606
6221
6909
7423
8380
9023
8339
7183
6692
6293
4901
2833
1397
509
-736
-2299
-3132
-3265
-3489
-4119
-4304
-3587
-2741
-2427
-2409
-1932
-1403
-1368
-1748
-1751
-1490
-1748
-2533
-2948
-2723
-2472
-2402
-2145
-1394
-698
-139
454
1383
2213
2613
2747
2796
2902
2823
2506
1955
1426
931
453
-103
-485
-630
-729
-959
-1199
-1102
-795
-549
-482
-271
123
355
290
372
724
1077
1047
998
1334
1737
1938
2042
2452
2839
2950
2920
3053
3192
3035
2585
2077
1583
988
390
-289
-893
-1508
-2087
-2649
-3062
-3298
-3541
-3792
-4045
-4097
-4085
-4055
-3993
-3844
-3701
-3593
-3492
-3286
-2990
-2713
-2530
-2465
-2307
-2094
-1895
-1917
-2099
-2267
-2047
-1087
337
1544
2450
3602
5244
6649
7274
7830
8560
8771
7835
6735
6200
5539
3962
2016
761
-101
-1257
-2463
-2910
-2926
-3072
-3428
-3260
-2491
-1839
-1650
-1646
-1394
-1261
-1489
-1892
-2040
-2172
-2705
-3428
-3713
-3521
-3238
-2992
-2489
-1678
-861
-55
815
1804
2550
2933
3033
3042
3001
2834
2419
1801
1194
702
242
-261
-512
-529
-524
-672
-707
-428
-40
199
318
594
870
891
800
872
1098
1177
1021
988
1199
1414
1517
1698
2050
2350
2498
2624
2810
2931
2770
2437
2039
1589
1072
487
-111
-752
-1371
-2004
-2584
-3041
-3408
-3734
-4048
-4331
-4438
-4414
-4355
-4242
-4135
-3957
-3751
-3500
-3217
-2874
-2524
-2300
-2151
-1996
-1803
-1676
-1719
-1872
-1945
-1577
-415
1028
2119
2939
4081
5685
6801
7219
7623
8185
8088
7015
5988
5483
4745
3168
1466
418
-304
-1322
-2220
-2516
-2511
-2663
-2961
-2741
-2108
-1594
-1577
-1688
-1587
-1553
-1812
-2207
-2387
-2615
-3171
-3794
-3930
-3665
-3318
-2978
-2387
-1577
-747
69
917
1813
2438
2726
2740
2737
2736
2593
2146
1556
1051
668
277
-104
-234
-204
-220
-356
-326
-74
203
302
388
610
813
842
806
946
1182
1255
1141
1172
1408
1637
1760
1954
2258
2458
2531
2664
2873
2937
2723
2432
2133
1741
1216
688
179
-423
-1102
-1795
-2352
-2843
-3310
-3775
-4153
-4461
-4676
-4819
-4855
-4728
-4615
-4491
-4287
-3918
-3494
-3119
-2780
-2444
-2161
-1972
-1718
-1433
-1293
-1337
-1465
-1200
-263
1076
2187
2950
3875
5263
6516
7054
7450
7981
8160
7364
6295
5674
5087
3775
2014
754
-112
-1074
-2115
-2612
-2724
-2829
-3101
-3042
-2527
-1996
-1742
-1748
-1680
-1673
-1826
-2190
-2462
-2694
-3069
-3631
-3971
-3869
-3451
-2953
-2428
-1697
-875
13
815
1647
2330
2782
2904
2827
2721
2555
2223
1658
1106
618
262
-105
-268
-206
-78
-41
-46
157
445
638
629
633
690
667
497
410
574
755
734
665
896
1326
1674
1939
2297
2699
2927
3009
3123
3274
3235
2896
2429
1983
1574
1068
459
-125
-654
-1231
-1892
-2406
-2749
-3114
-3674
-4205
-4479
-4652
-4903
-5099
-5053
-4941
-4913
-4838
-4473
-4010
-3659
-3330
-2844
-2307
-1896
-1556
-1140
-735
-658
-818
-867
-309
833
1986
2719
3431
4569
5926
6814
7225
7762
8199
7912
6881
6085
5567
4644
3001
1376
281
-621
-1667
-2562
-2905
-3047
-3229
-3475
-3250
-2698
-2223
-2182
-2276
-2225
-2231
-2442
-2775
-2909
-3094
-3463
-3879
-3794
-3311
-2695
-2136
-1460
-640
187
990
1747
2493
2913
3033
2833
2611
2395
2136
1639
994
397
-28
-250
-363
-264
-73
164
251
396
625
897
987
830
580
326
168
61
82
140
250
365
641
1095
1657
2222
2678
3073
3340
3519
3623
3657
3501
3133
2674
2185
1692
1189
717
194
-413
-1016
-1496
-1909
-2382
-2848
-3297
-3736
-4227
-4619
-4845
-5020
-5213
-5355
-5317
-5179
-4998
-4706
-4273
-3826
-3347
-2787
-2135
-1580
-1123
-623
-96
202
165
30
123
712
1660
2580
3237
3972
5021
6174
6868
7243
7663
7843
7344
6392
5708
5104
4018
2419
1029
17
-969
-2040
-2771
-3112
-3439
-3839
-4050
-3750
-3321
-3090
-3109
-3034
-2875
-2815
-2898
-2908
-2765
-2773
-2999
-3118
-2769
-2203
-1681
-1251
-627
119
809
1382
1984
2542
2771
2642
2324
2142
1932
1564
956
367
-44
-291
-420
-406
-170
94
251
324
562
895
1087
949
654
389
119
-104
-171
-10
150
256
521
1078
1800
2417
2959
3467
3850
4050
4160
4246
4119
3660
2985
2340
1749
1108
370
-301
-890
-1456
-2017
-2474
-2699
-2904
-3201
-3546
-3716
-3804
-3981
-4206
-4374
-4510
-4735
-4935
-4898
-4644
-4402
-4144
-3754
-3178
-2529
-1808
-1014
-260
323
746
1134
1405
1372
1050
717
658
1053
1717
2321
2816
3485
4489
5472
6046
6413
6828
6989
6520
5729
5075
4355
3105
1526
195
-844
-1944
-3048
-3737
-4085
-4357
-4610
-4506
-3998
-3454
-3121
-2890
-2511
-2146
-1972
-1959
-1899
-1871
-2077
-2447
-2540
-2276
-1929
-1634
-1232
-579
97
719
1355
2040
2453
2483
2340
2223
2074
1737
1248
743
317
-29
-205
-200
-24
165
325
514
825
1189
1425
1470
1331
1076
733
371
77
-55
-70
11
206
626
1319
2114
2839
3446
3966
4323
4458
4443
4303
3908
3137
2132
1167
316
-509
-1310
-2030
-2638
-3100
-3398
-3475
-3411
-3276
-3189
-3195
-3219
-3199
-3115
-3149
-3309
-3500
-3644
-3754
-3787
-3653
-3355
-2975
-2594
-2115
-1495
-783
-108
482
955
1293
1499
1592
1585
1385
918
228
-423
-633
-203
532
1116
1607
2467
3733
4818
5420
5905
6388
6340
5532
4581
3933
3109
1654
-7
-1217
-2053
-2911
-3633
-3851
-3704
-3595
-3516
-3101
-2338
-1681
-1410
-1355
-1273
-1268
-1486
-1803
-2031
-2240
-2635
-3038
-3060
-2669
-2149
-1659
-1067
-305
484
1175
1799
2388
2746
2765
2533
2249
2011
1720
1276
773
408
234
184
225
479
906
1300
1493
1685
2027
2266
2184
1823
1429
945
290
-349
-729
-893
-941
-714
-113
652
1409
2209
3048
3695
3924
3938
3802
3435
2728
1809
821
-211
-1202
-2105
-2761
-3146
-3308
-3375
-3310
-3051
-2583
-2155
-1855
-1598
-1400
-1376
-1581
-1767
-1948
-2186
-2525
-2755
-2833
-2823
-2724
-2414
-1924
-1411
-863
-285
298
730
1088
1328
1404
1174
807
446
14
-620
-1418
-2058
-2255
-1821
-1002
-117
716
1742
2972
4098
4793
5299
5707
5667
4977
4030
3316
2527
1341
-48
-1058
-1735
-2373
-2937
-3046
-2859
-2738
-2713
-2444
-1842
-1387
-1239
-1268
-1202
-1231
-1461
-1777
-1915
-1999
-2233
-2526
-2531
-2105
-1517
-944
-374
375
1128
1762
2233
2719
3100
3177
2897
2517
2306
2119
1763
1234
861
678
575
443
485
758
1030
1047
970
1090
1273
1225
852
445
77
-347
-855
-1208
-1282
-1234
-1196
-1031
-500
265
964
1492
2011
2500
2774
2756
2614
2431
2017
1314
544
-44
-566
-1141
-1651
-1924
-1968
-1944
-1871
-1643
-1274
-964
-812
-741
-594
-459
-503
-746
-945
-1028
-1133
-1304
-1391
-1288
-1175
-1115
-1024
-767
-547
-453
-439
-390
-389
-527
-718
-909
-1107
-1415
-1739
-2076
-2411
-2802
-3125
-3216
-2809
-1939
-987
-211
575
1678
2883
3718
4145
4608
4979
4866
4250
3763
3459
2853
1806
817
254
-228
-845
-1355
-1533
-1658
-1880
-2087
-1945
-1669
-1543
-1608
-1627
-1499
-1427
-1432
-1446
-1357
-1342
-1428
-1460
-1181
-759
-363
-27
366
839
1276
1694
2096
2419
2519
2465
2341
2236
2099
1902
1554
1105
695
404
195
-16
-199
-330
-440
-584
-607
-525
-452
-531
-682
-785
-886
-1019
-1162
-1198
-1193
-1203
-1157
-930
-501
67
675
1287
1899
2483
3013
3390
3599
3609
3414
3032
2548
2041
1492
890
267
-293
-727
-980
-1095
-1129
-1162
-1145
-1040
-913
-813
-717
-605
-592
-692
-822
-890
-991
-1170
-1396
-1608
-1826
-2030
-2133
-2149
-2171
-2226
-2205
-2132
-2026
-1936
-1793
-1688
-1707
-1798
-1882
-1992
-2253
-2611
-2927
-3039
-2825
-2178
-1308
-446
436
1574
2902
3957
4703
5409
6037
6198
5843
5486
5234
4638
3554
2455
1692
987
110
-612
-944
-1143
-1415
-1620
-1452
-1152
-1024
-1049
-1056
-1002
-1074
-1267
-1458
-1616
-1855
-2182
-2435
-2410
-2213
-1961
-1666
-1215
-603
16
586
1129
1622
1926
2021
1917
1747
1495
1145
639
70
-378
-661
-873
-1080
-1115
-949
-721
-598
-399
-79
190
220
127
112
59
-170
-482
-653
-725
-807
-847
-629
-138
464
1057
1698
2451
3192
3802
4246
4559
4668
4450
3967
3396
2797
2057
1153
291
-397
-953
-1441
-1770
-1860
-1826
-1789
-1720
-1549
-1339
-1223
-1252
-1344
-1443
-1572
-1792
-2071
-2307
-2478
-2631
-2768
-2766
-2591
-2360
-2167
-1952
-1662
-1373
-1146
-963
-783
-675
-679
-753
-844
-967
-1130
-1351
-1605
-1883
-2079
-2106
-1892
-1317
-423
581
1493
2452
3588
4751
5526
5983
6318
6489
6254
5691
5201
4686
3907
2866
1985
1322
709
22
-503
-877
-1237
-1606
-1870
-1909
-1974
-2111
-2383
-2607
-2805
-2964
-3154
-3319
-3462
-3592
-3662
-3606
-3283
-2837
-2299
-1776
-1172
-554
74
645
1154
1513
1686
1736
1689
1633
1529
1404
1165
915
715
674
653
645
681
766
823
801
864
969
1016
884
671
457
249
-10
-246
-427
-582
-724
-788
-638
-311
85
492
939
1456
1969
2395
2766
3022
3095
2913
2576
2158
1653
1041
381
-271
-902
-1451
-1869
-2111
-2259
-2317
-2286
-2144
-1951
-1723
-1474
-1239
-1065
-941
-838
-792
-796
-861
-955
-1114
-1275
-1361
-1371
-1357
-1324
-1206
-1024
-826
-642
-409
-143
52
98
72
66
30
-129
-399
-652
-900
-1217
-1577
-1789
-1749
-1474
-909
-94
817
1670
2566
3574
4501
5097
5451
5689
5692
5301
4697
4119
3401
2431
1373
519
-198
-926
-1575
-1979
-2249
-2528
-2746
-2757
-2650
-2638
-2693
-2746
-2759
-2825
-2896
-2924
-2911
-2914
-2905
-2783
-2495
-2043
-1511
-923
-353
227
806
1379
1883
2275
2511
2605
2561
2443
2322
2193
1978
1637
1312
1088
963
822
705
630
571
441
303
260
245
106
-212
-565
-901
-1235
-1604
-1888
-2083
-2218
-2333
-2278
-1935
-1392
-812
-221
461
1165
1774
2258
2704
3012
3068
2846
2543
2195
1715
1097
464
-121
-678
-1132
-1417
-1514
-1490
-1339
-1118
-820
-456
-16
336
523
602
667
663
504
285
29
-299
-739
-1106
-1319
-1441
-1583
-1620
-1498
-1309
-1133
-915
-618
-380
-280
-264
-249
-315
-466
-678
-872
-1127
-1408
-1682
-1881
-2037
-2146
-2129
-1963
-1530
-762
277
1244
2074
2887
3832
4584
4954
5095
5165
5000
4411
3714
3160
2617
1784
906
264
-142
-615
-1059
-1302
-1409
-1568
-1783
-1835
-1792
-1807
-1979
-2147
-2290
-2407
-2557
-2625
-2613
-2566
-2493
-2338
-1981
-1506
-951
-394
195
742
1265
1710
2065
2251
2256
2147
1921
1624
1262
951
632
273
-80
-260
-278
-275
-298
-280
-198
-202
-292
-373
-400
-551
-886
-1270
-1563
-1800
-2042
-2197
-2196
-2042
-1800
-1374
-697
125
911
1640
2397
3144
3722
4059
4229
4195
3905
3360
2746
2107
1387
622
-91
-654
-1079
-1345
-1443
-1392
-1274
-1083
-888
-671
-451
-270
-196
-296
-433
-568
-713
-925
-1121
-1266
-1395
-1536
-1575
-1471
-1305
-1171
-1047
-829
-578
-351
-203
-86
-57
-144
-321
-489
-620
-797
-1025
-1223
-1295
-1314
-1304
-1264
-1145
-1021
-922
-804
-597
-214
355
1031
1592
2020
2509
3144
3675
3905
4027
4217
4285
4042
3724
3560
3339
2759
2003
1420
947
324
-415
-1021
-1507
-2015
-2500
-2796
-2919
-3028
-3171
-3263
-3242
-3149
-3007
-2850
-2678
-2497
-2291
-2047
-1727
-1327
-875
-420
-18
360
740
1134
1457
1671
1776
1819
1801
1715
1606
1496
1341
1092
831
654
543
378
180
29
-79
-241
-440
-581
-664
-772
-956
-1124
-1208
-1228
-1227
-1178
-1039
-825
-557
-207
244
750
1226
1625
1964
2259
2485
2608
2606
2475
2227
1883
1479
1063
669
273
-155
-561
-860
-1050
-1175
-1286
-1341
-1325
-1300
-1257
-1155
-967
-800
-728
-672
-562
-435
-363
-327
-260
-186
-187
-208
-161
-51
-11
-56
-81
-43
-25
-94
-160
-176
-219
-366
-519
-580
-586
-665
-803
-876
-858
-873
-981
-1078
-1120
-1186
-1357
-1521
-1541
-1309
-829
-215
389
993
1735
2599
3358
3855
4246
4587
4692
4423
4044
3727
3254
2436
1512
771
125
-604
-1303
-1771
-2122
-2469
-2737
-2759
-2643
-2564
-2522
-2440
-2322
-2227
-2153
-2072
-1981
-1939
-1929
-1909
-1746
-1414
-989
-550
-93
441
1001
1527
1997
2410
2679
2763
2684
2539
2351
2074
1654
1118
585
123
-271
-647
-947
-1141
-1265
-1375
-1414
-1318
-1176
-1116
-1126
-1110
-1077
-1055
-1052
-1026
-983
-925
-823
-635
-333
69
544
993
1394
1791
2225
2589
2810
2904
2889
2721
2387
1996
1597
1157
616
67
-393
-734
-1001
-1176
-1262
-1279
-1235
-1131
-955
-735
-496
-315
-193
-103
4
91
119
92
20
-106
-285
-434
-529
-608
-720
-795
-788
-724
-653
-573
-464
-366
-342
-389
-438
-467
-542
-711
-912
-1065
-1178
-1314
-1451
-1534
-1573
-1642
-1706
-1678
-1480
-1085
-481
238
916
1555
2287
3094
3723
4096
4327
4489
4403
4041
3619
3246
2708
1925
1152
579
99
-437
-902
-1230
-1476
-1732
-1889
-1899
-1855
-1892
-1980
-2049
-2105
-2146
-2184
-2190
-2207
-2202
-2168
-2036
-1765
-1358
-898
-424
65
568
1078
1519
1884
2108
2171
2051
1827
1550
1237
877
448
-28
-464
-748
-923
-1043
-1122
-1092
-989
-891
-792
-626
-446
-382
-439
-503
-529
-583
-670
-727
-723
-676
-567
-342
4
439
938
1456
1930
2358
2764
3085
3234
3190
3028
2739
2300
1775
1251
729
150
-411
-837
-1117
-1324
-1425
-1398
-1279
-1162
-1028
-843
-650
-498
-433
-402
-408
-436
-507
-602
-709
-802
-890
-984
-1051
-1066
-1018
-958
-857
-729
-570
-418
-269
-141
-49
-16
-41
-105
-207
-310
-445
-605
-796
-929
-1004
-1089
-1196
-1243
-1198
-1139
-1101
-1031
-807
-419
115
714
1312
1873
2457
3063
3556
3860
4040
4144
4067
3782
3419
3063
2592
1928
1220
610
53
-525
-1046
-1443
-1771
-2075
-2284
-2343
-2328
-2332
-2351
-2357
-2349
-2328
-2278
-2209
-2135
-2064
-1960
-1789
-1523
-1160
-744
-331
59
448
832
1179
1451
1612
1628
1516
1324
1120
904
653
355
47
-188
-303
-312
-271
-190
-69
86
218
334
446
519
482
320
110
-100
-303
-504
-661
-752
-755
-645
-375
27
500
991
1470
1918
2281
2523
2613
2552
2321
1944
1452
913
363
-191
-717
-1182
-1524
-1735
-1805
-1755
-1608
-1413
-1182
-922
-645
-380
-175
-38
22
40
19
-32
-110
-187
-244
-268
-267
-236
-170
-93
-18
36
80
92
62
-7
-102
-219
-361
-520
-669
-779
-865
-935
-981
-971
-912
-843
-764
-650
-521
-440
-420
-403
-375
-393
-480
-566
-550
-366
-41
384
859
1371
1938
2536
3081
3480
3754
3897
3851
3603
3230
2758
2155
1398
591
-151
-829
-1456
-2002
-2419
-2732
-2934
-3001
-2925
-2793
-2644
-2482
-2283
-2071
-1882
-1697
-1529
-1369
-1234
-1072
-873
-603
-279
83
441
793
1155
1495
1788
1981
2091
2094
2008
1831
1620
1382
1101
772
447
193
13
-122
-238
-282
-283
-270
-280
-272
-267
-305
-417
-565
-709
-861
-1000
-1115
-1155
-1113
-953
-689
-341
74
563
1056
1485
1834
2117
2300
2296
2142
1880
1545
1090
568
62
-386
-793
-1136
-1348
-1432
-1419
-1335
-1155
-928
-673
-424
-198
-17
110
195
225
205
149
96
45
-5
-52
-54
-38
-25
-14
3
17
4
-43
-134
-238
-340
-437
-538
-626
-696
-767
-828
-844
-799
-746
-711
-676
-606
-538
-497
-458
-427
-446
-534
-608
-652
-699
-766
-778
-654
-376
46
559
1102
1624
2166
2705
3159
3429
3548
3543
3367
3006
2533
2025
1409
699
-11
-608
-1131
-1589
-1957
-2199
-2344
-2429
-2407
-2303
-2148
-2017
-1874
-1737
-1590
-1438
-1265
-1104
-968
-820
-645
-422
-191
81
346
603
818
1021
1199
1323
1377
1351
1274
1140
992
828
663
474
293
135
40
-5
-27
-43
-58
-49
-56
-82
-130
-166
-220
-279
-308
-282
-211
-103
44
233
470
717
978
1219
1423
1573
1664
1676
1591
1428
1195
894
535
173
-165
-488
-785
-1012
-1145
-1210
-1225
-1189
-1091
-957
-821
-687
-553
-444
-382
-365
-381
-410
-446
-483
-514
-527
-513
-473
-416
-345
-259
-167
-86
-23
26
62
88
82
53
4
-56
-122
-182
-229
-277
-310
-327
-315
-288
-266
-264
-280
-312
-358
-411
-492
-583
-682
-758
-806
-804
-734
-579
-330
9
423
861
1276
1653
1988
2244
2384
2398
2313
2125
1826
1442
1021
574
97
-374
-789
-1119
-1370
-1563
-1695
-1759
-1765
-1716
-1635
-1547
-1461
-1373
-1295
-1239
-1207
-1183
-1136
-1069
-963
-814
-606
-361
-84
210
514
818
1081
1301
1465
1576
1610
1575
1480
1343
1168
968
772
582
416
286
227
212
229
270
335
406
464
515
562
600
625
652
680
706
717
736
740
745
767
787
790
753
699
627
517
357
181
-2
-208
-428
-629
-798
-938
-1039
-1081
-1063
-992
-858
-679
-480
-284
-81
105
239
309
332
304
204
50
-124
-299
-492
-667
-806
-898
-943
-925
-842
-715
-546
-353
-138
54
210
324
398
423
409
366
286
189
85
-10
-112
-202
-260
-291
-314
-317
-291
-272
-267
-276
-284
-322
-388
-455
-534
-632
-736
-804
-829
-805
-704
-519
-300
-79
155
379
542
626
672
686
635
507
356
203
43
-113
-245
-347
-440
-501
-530
-540
-544
-530
-498
-467
-424
-369
-300
-255
-222
-180
-143
-119
-108
-88
-77
-73
-51
1
67
134
231
328
410
477
536
574
580
576
580
580
556
532
512
497
492
515
581
671
793
956
1127
1247
1306
1304
1242
1121
970
822
678
539
417
348
310
298
295
298
298
287
273
237
179
109
37
-52
-137
-208
-266
-319
-367
-391
-412
-434
-463
-490
-521
-547
-566
-573
-577
-578
-569
-563
-566
-587
-598
-592
-563
-503
-410
-293
-181
-70
35
124
183
212
217
201
158
99
36
-42
-128
-212
-289
-356
-419
-473
-514
-561
-612
-654
-676
-678
-668
-645
-615
-579
-540
-500
-451
-378
-280
-156
-24
115
243
336
385
398
392
346
262
151
38
-67
-166
-251
-323
-374
-404
-395
-377
-345
-306
-258
-212
-175
-125
-91
-73
-89
-100
-109
-131
-166
-216
-262
-312
-346
-369
-367
-356
-318
-246
-150
-41
55
148
232
313
393
471
538
597
646
690
742
790
832
870
922
991
1062
1111
1123
1104
1063
1003
933
858
782
709
641
585
555
535
515
488
458
440
421
392
341
275
219
165
109
43
-23
-80
-130
-179
-214
-242
-273
-299
-311
-301
-280
-258
-229
-183
-128
-80
-55
-59
-99
-160
-234
-310
-377
-429
-452
-438
-399
-343
-292
-247
-206
-162
-120
-87
-60
-58
-65
-90
-116
-157
-218
-287
-362
-417
-474
-525
-589
-635
-660
-660
-636
-618
-578
-547
-497
-461
-423
-400
-399
-394
-384
-341
-301
-244
-194
-122
-56
1
34
27
12
-25
-52
-96
-133
-178
-214
-236
-248
-238
-227
-199
-170
-111
-47
26
78
123
166
187
212
205
183
139
87
30
-26
-84
-135
-165
-174
-146
-95
-23
51
141
241
337
424
492
546
579
596
590
569
531
493
471
467
473
484
504
527
554
582
606
615
614
599
586
569
537
497
457
427
404
394
388
390
392
401
402
387
366
325
281
223
164
103
46
-9
-51
-79
-97
-108
-119
-120
-119
-107
-95
-91
-93
-106
-128
-163
-206
-264
-319
-377
-430
-475
-516
-544
-564
-568
-560
-541
-510
-469
-417
-356
-292
-237
-198
-181
-175
-187
-215
-258
-307
-353
-391
-412
-426
-433
-439
-440
-441
-436
-425
-422
-413
-405
-383
-362
-345
-340
-350
-357
-358
-347
-343
-337
-330
-310
-288
-264
-246
-234
-218
-203
-175
-156
-136
-129
-126
-120
-114
-103
-95
-76
-48
9
74
148
207
250
283
294
296
275
246
204
167
133
104
79
55
45
42
57
78
107
141
183
229
265
296
320
346
377
413
448
478
505
533
563
585
606
620
643
675
712
754
791
817
830
836
830
812
779
737
694
654
611
565
511
447
387
332
281
227
171
115
63
11
-41
-103
-173
-244
-301
-340
-373
-395
-413
-421
-423
-415
-409
-399
-382
-372
-356
-347
-331
-327
-325
-325
-315
-299
-278
-247
-223
-186
-160
-133
-116
-105
-88
-66
-32
-2
31
53
76
82
75
45
-7
-64
-133
-194
-255
-302
-349
-381
-407
-427
-440
-467
-485
-514
-531
-554
-575
-601
-618
-625
-622
-607
-597
-568
-548
-518
-496
-477
-470
-472
-466
-454
-418
-378
-311
-242
-147
-57
32
110
174
230
268
309
327
354
371
385
394
398
399
387
378
366
358
346
335
319
308
288
267
247
224
222
224
244
264
283
296
310
319
323
335
339
356
375
410
445
481
518
547
574
596
620
621
627
614
602
577
542
505
457
420
369
323
262
201
133
65
-4
-74
-127
-174
-203
-230
-235
-247
-246
-243
-245
-244
-250
-249
-254
-245
-237
-224
-219
-207
-190
-172
-142
-131
-117
-116
-117
-115
-121
-128
-136
-135
-130
-102
-83
-75
-75
-82
-76
-73
-69
-83
-96
-105
-107
-109
-127
-155
-186
-202
-214
-211
-214
-220
-216
-223
-223
-241
-265
-296
-323
-333
-347
-353
-373
-381
-383
-388
-396
-414
-434
-453
-448
-447
-434
-433
-428
-408
-384
-346
-316
-272
-228
-160
-91
-23
35
95
157
222
295
348
408
445
484
501
504
485
448
418
380
348
309
276
243
220
194
164
127
90
73
52
38
25
6
6
10
18
27
30
35
42
60
75
94
110
139
171
222
279
328
383
420
453
458
452
428
394
362
329
297
254
217
170
131
87
44
4
-33
-59
-83
-85
-89
-91
-96
-102
-110
-118
-114
-110
-101
-93
-87
-90
-86
-84
-77
-62
-54
-33
-18
7
20
24
21
5
-18
-46
-64
-84
-85
-97
-107
-131
-151
-162
-172
-160
-170
-170
-171
-152
-134
-117
-108
-113
-103
-99
-82
-81
-78
-84
-99
-89
-101
-116
-141
-164
-175
-183
-177
-191
-190
-205
-213
-234
-262
-293
-331
-341
-364
-361
-381
-372
-367
-344
-297
-269
-215
-179
-108
-43
32
97
153
206
258
314
345
384
384
392
381
368
357
336
315
289
270
238
214
172
149
116
82
55
14
-14
-48
-68
-91
-118
-143
-175
-197
-214
-217
-206
-172
-130
-78
-13
39
98
149
192
229
253
275
285
297
294
294
280
265
256
232
215
186
160
127
105
82
72
78
88
113
128
153
164
175
180
175
164
146
128
116
113
109
110
103
102
104
104
115
127
137
159
174
179
185
164
137
100
56
14
-26
-70
-117
-157
-193
-215
-227
-224
-222
-220
-212
-214
-205
-194
-186
-177
-172
-162
-149
-131
-122
-114
-121
-129
-141
-166
-178
-197
-203
-206
-206
-207
-206
-207
-218
-216
-229
-223
-226
-219
-210
-211
-206
-213
-203
-198
-172
-141
-95
-46
1
48
73
104
117
139
161
186
212
232
243
246
249
229
209
173
132
87
40
-6
-56
-98
-136
-166
-201
-235
-272
-309
-334
-366
-387
-407
-420
-422
-414
-388
-356
-314
-267
-217
-171
-126
-96
-62
-26
11
64
110
164
214
265
312
352
381
392
403
402
407
403
392
373
348
330
303
277
243
205
162
118
85
57
47
52
73
103
131
157
174
193
207
215
220
215
208
200
188
171
147
119
86
57
25
-1
-22
-41
-44
-45
-42
-39
-31
-26
-20
-20
-27
-39
-60
-77
-101
-122
-146
-163
-173
-178
-184
-198
-201
-204
-200
-186
-168
-151
-132
-104
-73
-44
-20
-7
0
9
23
35
38
35
22
7
-20
-49
-78
-107
-131
-141
-147
-148
-135
-127
-107
-95
-82
-66
-47
-28
-11
11
23
42
47
63
71
75
73
59
43
10
-21
-69
-111
-163
-207
-248
-283
-301
-320
-322
-326
-324
-321
-315
-304
-291
-271
-243
-201
-155
-107
-60
-25
5
23
39
57
75
97
126
156
188
225
259
290
314
329
339
342
349
357
368
373
365
350
330
302
279
247
208
165
119
78
36
-6
-54
-87
-113
-116
-101
-76
-35
11
66
116
165
191
221
241
261
277
271
266
245
223
186
150
105
73
63
67
84
100
121
137
165
190
216
247
272
300
328
349
350
333
297
249
202
145
89
31
-21
-65
-106
-143
-176
-194
-208
-213
-225
-239
-251
-262
-267
-281
-299
-335
-367
-403
-434
-468
-508
-544
-582
-607
-627
-633
-634
-620
-590
-552
-509
-469
-430
-387
-339
-287
-231
-175
-127
-79
-38
-13
0
11
19
27
36
37
34
26
17
15
15
21
34
56
84
114
138
154
157
155
159
164
173
178
182
175
163
139
108
72
40
18
1
9
22
56
93
127
153
172
196
217
255
280
309
322
330
333
325
322
299
282
259
247
234
220
211
192
185
172
179
183
195
208
219
230
228
235
223
213
194
173
144
106
76
46
32
17
7
-12
-28
-47
-61
-72
-88
-96
-102
-90
-69
-47
-32
-26
-36
-47
-46
-38
-15
9
38
56
66
56
33
3
-32
-53
-69
-61
-61
-56
-63
-76
-91
-112
-118
-119
-99
-88
-73
-83
-103
-128
-167
-196
-237
-257
-278
-269
-267
-273
-288
-321
-346
-378
-390
-400
-382
-353
-313
-267
-246
-229
-234
-232
-236
-225
-209
-191
-167
-155
-147
-168
-189
-211
-223
-222
-219
-203
-191
-170
-150
-130
-113
-99
-82
-66
-47
-34
-21
-16
-14
-8
-1
7
10
14
18
21
29
42
59
77
97
122
145
171
195
216
235
253
272
292
310
332
356
381
397
402
394
384
373
361
352
339
337
341
351
350
339
327
316
316
313
311
302
288
278
260
246
226
212
199
186
171
144
123
97
82
59
42
31
20
22
16
16
2
-9
-26
-39
-41
-45
-41
-39
-24
-22
-17
-30
-48
-69
-97
-115
-139
-148
-156
-158
-164
-173
-187
-203
-217
-246
-271
-300
-317
-331
-340
-347
-353
-353
-354
-357
-370
-377
-387
-388
-388
-383
-367
-348
-318
-294
-273
-261
-250
-245
-239
-233
-227
-207
-179
-146
-119
-92
-77
-61
-51
-40
-23
-6
25
53
83
108
128
142
155
156
150
142
131
126
122
121
110
99
90
87
88
86
83
81
85
93
100
102
99
98
99
99
104
102
103
96
93
89
86
95
110
129
146
160
167
174
180
184
190
195
201
212
229
243
259
270
277
273
259
241
220
209
197
189
185
193
197
198
196
183
171
159
157
153
146
140
124
111
94
79
59
44
26
12
-3
-19
-26
-33
-29
-34
-41
-56
-62
-70
-83
-96
-111
-111
-105
-97
-97
-98
-96
-90
-89
-107
-130
-160
-184
-200
-215
-224
-221
-206
-186
-170
-177
-193
-211
-227
-237
-248
-246
-237
-211
-187
-169
-159
-161
-162
-171
-179
-195
-207
-209
-198
-182
-163
-145
-134
-127
-129
-131
-135
-136
-127
-109
-90
-72
-54
-39
-28
-23
-28
-35
-41
-45
-44
-46
-43
-40
-35
-25
-25
-27
-33
-38
-40
-40
-34
-20
-6
15
30
44
58
76
96
111
126
131
139
145
159
175
190
210
225
239
243
244
242
241
243
249
260
273
293
315
336
343
345
343
332
325
309
301
295
298
302
294
280
248
212
170
128
87
60
44
36
27
11
-8
-39
-63
-92
-114
-129
-134
-128
-119
-115
-125
-138
-160
-183
-205
-223
-229
-229
-219
-207
-198
-194
-197
-201
-197
-188
-173
-148
-125
-107
-92
-82
-83
-81
-82
-77
-60
-43
-25
-16
-13
-27
-40
-57
-66
-66
-61
-45
-34
-21
-25
-29
-43
-58
-71
-82
-82
-83
-76
-69
-65
-69
-71
-78
-85
-87
-87
-80
-70
-61
-55
-48
-45
-38
-30
-17
-5
8
23
27
27
18
11
14
28
50
69
88
94
92
84
74
67
68
80
94
110
120
121
113
100
85
75
74
81
87
95
97
90
83
71
59
49
44
47
50
52
56
58
57
54
45
43
38
42
47
49
52
48
47
37
31
23
16
16
13
10
5
-3
-15
-21
-21
-12
-4
2
1
-5
-14
-26
-30
-33
-26
-16
-4
-1
-10
-21
-35
-45
-51
-48
-47
-38
-31
-30
-27
-33
-36
-38
-38
-38
-38
-36
-36
-33
-29
-24
-23
-23
-32
-42
-52
-64
-69
-71
-74
-78
-82
-89
-92
-97
-99
-103
-105
-106
-111
-114
-120
-119
-120
-111
-106
-105
-106
-105
-100
-98
-88
-83
-69
-61
-54
-53
-54
-49
-34
-13
6
26
36
41
41
39
32
35
53
73
91
102
108
111
115
112
110
106
107
107
108
105
99
100
101
107
104
92
85
79
72
62
51
40
35
32
30
26
24
24
24
20
6
-6
-22
-28
-32
-29
-24
-14
-1
5
6
-2
-9
-15
-11
-4
4
15
22
34
38
38
35
37
38
38
40
38
40
42
45
49
47
45
39
32
25
15
7
4
3
5
3
-3
-11
-21
-31
-46
-55
-58
-57
-49
-47
-48
-52
-58
-61
-64
-64
-65
-63
-62
-58
-53
-50
-45
-38
-31
-27
-25
-28
-26
-21
-15
-8
2
15
27
39
45
46
48
46
45
42
42
43
42
47
46
49
52
52
51
44
39
33
29
30
28
24
19
7
2
-8
-16
-22
-25
-29
-36
-39
-50
-60
-72
-74
-76
-76
-70
-67
-58
-59
-59
-62
-64
-59
-59
-55
-50
-46
-41
-32
-24
-24
-17
-10
-1
6
9
15
21
29
37
44
46
51
55
59
62
66
70
71
76
75
75
72
69
66
62
59
58
61
63
65
62
56
47
39
28
16
10
8
6
7
8
4
-4
-12
-20
-30
-40
-51
-54
-52
-50
-52
-53
-55
-60
-59
-59
-60
-58
-56
-50
-46
-46
-42
-39
-35
-28
-20
-13
-7
-1
2
-2
1
4
12
24
34
42
47
55
57
60
63
67
69
71
71
63
58
50
50
46
42
41
36
37
36
33
27
21
14
6
-2
-12
-18
-22
-25
-30
-38
-51
-58
-67
-73
-78
-80
-78
-74
-70
-71
-69
-67
-64
-62
-58
-54
-54
-50
-52
-50
-49
-43
-32
-21
-5
6
14
19
23
28
35
41
46
53
58
61
62
62
61
59
61
60
58
58
59
58
52
45
39
33
26
20
15
13
10
11
10
5
-4
-13
-17
-24
-33
-36
-40
-42
-41
-42
-44
-46
-43
-43
-43
-43
-45
-41
-35
-33
-32
-31
-28
-25
-23
-20
-18
-11
-2
5
11
12
14
20
22
26
25
29
32
38
42
43
48
48
53
52
48
46
47
49
49
49
45
41
33
27
18
9
2
5
8
11
7
0
-6
-15
-23
-34
-40
-40
-37
-31
-25
-28
-28
-26
-29
-31
-35
-38
-34
-26
-23
-22
-20
-18
-18
-17
-19
-18
-13
-5
3
5
4
1
3
6
5
7
10
13
13
13
11
9
1
-1
-5
-6
-2
-2
2
2
3
8
9
11
12
12
12
10
7
0
-9
-16
-23
-29
-31
-31
-25
-17
-7
-2
-2
-2
-3
-4
-7
-9
-6
1
-1
0
-1
0
0
2
8
10
17
23
31
34
36
34
33
33
33
32
33
39
35
34
28
18
10
6
6
8
14
20
26
28
23
15
6
-3
-9
-13
-17
-19
-23
-26
-29
-30
-34
-30
-24
-18
-12
-13
-12
-12
-17
-21
-25
-29
-29
-26
-24
-25
-25
-24
-20
-16
-14
-6
7
16
22
25
25
22
18
17
12
12
18
22
27
26
19
16
15
15
15
16
18
23
27
24
15
-2
-17
-28
-36
-44
-47
-44
-40
-39
-41
-48
-52
-53
-53
-49
-44
-35
-26
-21
-18
-22
-27
-29
-33
-35
-36
-30
-22
-19
-9
-3
3
6
12
17
20
26
30
30
30
28
23
18
14
12
12
17
23
29
35
37
37
34
34
29
24
14
7
5
1
1
0
0
-1
-4
-7
-9
-14
-17
-19
-16
-13
-16
-15
-14
-15
-18
-21
-26
-28
-22
-15
-7
-2
2
6
7
2
-1
0
5
15
17
19
21
20
16
12
7
2
2
4
8
12
15
16
18
11
7
5
1
0
-2
-5
-6
-10
-12
-11
-13
-15
-14
-13
-8
-6
-5
-6
-5
-3
-2
-5
-8
-10
-12
-15
-21
-24
-25
-21
-16
-13
-14
-9
-8
-7
-11
-12
-11
-10
-5
-5
-5
-9
-11
-12
-19
-21
-19
-15
-7
4
8
14
19
22
22
20
16
14
19
25
22
19
17
16
17
17
18
21
28
34
37
35
34
32
28
24
15
11
9
10
10
6
2
0
-1
0
0
2
5
5
10
7
2
-2
-9
-13
-18
-23
-28
-29
-28
-29
-31
-27
-23
-12
-2
6
11
12
14
13
10
7
7
10
15
24
29
35
40
41
39
39
40
42
48
55
57
56
52
45
37
28
18
12
10
9
8
8
4
-3
-10
-16
-18
-17
-16
-13
-14
-19
-26
-35
-43
-50
-48
-46
-42
-35
-30
-26
-24
-25
-25
-23
-20
-10
-3
5
7
6
5
2
0
-2
0
7
17
25
29
33
32
30
31
30
28
31
33
36
35
29
23
16
7
3
2
-2
-2
1
-1
-7
-15
-22
-28
-33
-37
-39
-38
-40
-41
-42
-49
-56
-57
-55
-49
-39
-34
-26
-19
-19
-19
-25
-28
-25
-19
-11
-4
1
5
9
10
9
9
12
18
26
32
35
32
29
25
16
6
2
4
7
10
9
10
9
9
6
3
5
6
11
17
17
10
5
-3
-11
-20
-22
-21
-17
-13
-9
-6
-8
-10
-10
-12
-14
-15
-13
-10
-11
-14
-17
-26
-33
-37
-39
-36
-33
-26
-16
-8
-5
-3
0
-1
2
3
1
3
5
4
3
1
-2
-1
-1
1
5
12
17
19
20
19
17
13
8
4
3
3
1
0
-1
-6
-8
-9
-10
-3
3
8
13
15
18
20
15
10
6
0
-3
-4
-6
-7
-8
-6
-7
-6
-7
-8
-9
-10
-7
-9
-11
-14
-16
-15
-16
-20
-24
-26
-24
-22
-21
-21
-18
-14
-10
-4
1
5
5
6
5
4
4
4
6
6
6
8
8
9
8
6
7
6
9
11
11
11
9
9
5
1
-1
-2
-1
0
2
4
5
6
7
6
4
3
5
4
4
7
5
2
2
1
2
4
2
6
11
14
18
20
20
17
13
13
11
10
14
17
20
20
19
16
15
16
15
19
21
25
24
23
19
17
10
3
1
0
-6
-7
-6
-8
-8
-7
-8
-7
-5
-4
-6
-5
-6
-12
-15
-16
-18
-17
-13
-9
-3
-2
-1
0
1
5
5
6
9
11
13
15
12
7
6
2
1
1
2
6
8
9
13
16
16
16
12
10
4
-1
-5
-10
-13
-14
-17
-16
-16
-14
-11
-11
-9
-8
-7
-5
-5
-5
-4
-2
-5
-4
-5
-7
-11
-11
-13
-14
-14
-14
-11
-7
-5
-2
1
2
4
1
-1
-2
-5
-6
-6
-8
-7
-5
-1
0
5
9
10
12
11
12
13
14
16
16
14
9
6
3
4
4
5
5
7
10
11
12
13
14
12
13
11
10
9
7
5
0
-3
-4
-7
-7
-7
-5
-1
-1
-1
1
1
-2
-5
-6
-6
-7
-8
-12
-11
-9
-11
-9
-11
-11
-9
-6
-6
-1
4
4
8
8
8
8
5
2
5
6
4
6
9
12
12
11
9
7
6
6
3
2
5
3
-1
-1
-2
-4
-9
-13
-14
-14
-10
-9
-9
-10
-10
-11
-16
-19
-15
-13
-14
-12
-12
-14
-14
-18
-20
-17
-15
-12
-7
-2
0
1
0
-1
0
-2
0
0
3
7
7
7
8
8
8
7
7
10
13
14
12
13
17
16
17
15
15
13
11
10
10
13
16
18
17
20
20
18
18
15
16
13
13
14
14
15
11
7
7
5
5
7
10
12
15
17
13
11
8
7
6
6
7
7
7
5
4
3
1
-2
-3
1
4
5
5
6
7
2
4
4
4
4
5
5
2
6
5
1
3
1
-1
1
5
5
5
6
4
1
-1
-3
-4
-5
-5
-3
-2
-7
-7
-8
-6
-8
-7
-5
-5
-6
-7
-5
-9
-12
-12
-9
-9
-6
-5
-7
-4
-4
-5
-5
-2
0
1
2
1
-1
0
-4
-6
-7
-10
-12
-12
-12
-13
-11
-12
-11
-11
-10
-10
-11
-12
-10
-7
-6
-4
-3
-2
-2
-3
-4
-5
-6
-5
-4
-4
-2
0
1
1
1
1
1
0
0
0
3
5
3
3
3
1
-4
-4
-4
-4
-2
-1
-3
0
0
-2
-3
-1
-2
-1
3
4
5
5
5
6
5
6
6
5
4
6
4
3
6
6
4
3
4
5
6
4
5
5
2
0
2
0
-5
-4
-4
-8
-10
-11
-12
-13
-15
-15
-17
-17
-17
-19
-19
-20
-19
-18
-20
-15
-15
-17
-18
-21
-20
-20
-21
-19
-18
-15
-14
-14
-14
-15
-14
-14
-12
-14
-15
-12
-14
-15
-13
-13
-13
-14
-15
-16
-16
-13
-14
-11
-11
-11
-11
-10
-9
-11
-10
-10
-9
-8
-7
-7
-9
-11
-7
-8
-7
-4
-5
-5
-3
-4
-6
-5
-3
-7
-8
-8
-6
-7
-8
-6
-6
-4
-2
-1
-2
-1
0
1
1
1
4
2
2
5
3
2
5
5
7
6
11
10
11
11
9
12
12
12
12
14
12
13
15
13
11
10
12
9
10
8
8
7
6
9
8
9
10
9
12
13
15
16
16
19
16
13
15
15
12
15
18
17
15
14
11
8
9
10
12
12
12
12
12
14
15
14
18
19
17
18
17
18
18
19
18
17
17
13
13
15
17
16
17
17
21
20
19
19
22
22
20
23
19
22
20
19
18
13
16
15
14
13
11
14
14
14
14
13
15
14
16
15
14
15
14
13
10
11
11
13
11
9
8
10
10
12
9
8
12
8
6
5
6
6
5
9
7
6
7
7
4
2
2
1
1
1
0
2
0
-3
-1
0
1
2
0
0
0
0
0
-2
-2
-1
-1
1
0
-3
-4
-6
-5
-6
-7
-8
-9
-11
-12
-11
-13
-12
-9
-8
-6
-7
-6
-6
-6
-5
-5
-9
-11
-11
-13
-14
-10
-14
-14
-16
-19
-17
-17
-16
-17
-18
-19
-16
-14
-15
-15
-16
-16
-16
-15
-14
-13
-15
-16
-16
-16
-18
-19
-20
-20
-16
-14
-15
-16
-15
-15
-13
-15
-15
-16
-16
-17
-17
-18
-17
-16
-17
-16
-15
-15
-14
-13
-13
-9
-8
-6
-7
-8
-6
-4
-2
-2
-1
-1
0
4
6
4
3
2
3
0
2
4
5
8
5
4
4
4
2
3
3
1
-3
-2
-2
-3
-3
-4
-4
-8
-9
-10
-11
-11
-10
-11
-11
-9
-9
-9
-10
-9
-9
-9
-9
-7
-8
-10
-8
-8
-8
-6
-6
-5
-2
0
-2
-3
-4
-3
-4
-3
1
0
-1
0
-2
-2
-1
1
2
2
-1
2
4
2
2
2
3
2
5
5
4
5
5
3
0
1
-1
1
1
-1
-1
0
-2
-4
-4
-3
-2
-2
-2
-3
-2
-2
-1
0
-2
2
1
2
1
3
3
-1
-1
0
0
0
1
1
2
2
2
3
4
6
7
8
11
10
10
12
13
13
11
14
10
10
13
12
11
11
10
9
8
9
8
6
6
7
4
3
2
1
3
2
0
-1
0
0
-2
-1
-4
-6
-4
-4
-4
-2
0
-2
-1
0
-1
0
2
1
3
2
2
5
4
3
4
2
3
4
4
2
5
3
2
2
3
3
6
7
4
4
4
7
8
9
8
8
8
5
6
6
6
2
3
1
-1
-3
-6
-6
-8
-9
-11
-12
-11
-10
-12
-12
-11
-13
-13
-11
-9
-9
-8
-9
-9
-5
-7
-5
-4
-4
-2
-3
0
-1
-3
-1
1
1
2
4
4
4
3
0
0
2
3
4
4
5
4
2
4
5
3
0
0
2
2
3
3
0
0
-1
-1
0
0
-1
-3
-2
-2
-4
-6
-8
-8
-9
-8
-7
-8
-9
-9
-7
-7
-7
-5
-6
-5
-6
-4
-3
-4
-3
-5
-5
-3
-1
1
2
1
-1
-1
-1
-3
-3
0
-5
-2
1
-1
1
-1
-4
-4
-7
-6
-6
-7
-6
-8
-9
-6
-10
-11
-11
-9
-9
-8
-8
-10
-11
-9
-9
-11
-9
-8
-6
-5
-2
-6
-7
-6
-8
-9
-8
-5
-5
-5
-5
-5
-5
-3
0
0
3
2
4
6
7
6
5
3
4
5
6
6
3
5
3
5
4
2
2
1
3
5
2
5
3
-2
-2
-7
-8
-9
-7
-8
-9
-9
-7
-8
-7
-5
-4
-2
-2
1
1
0
3
4
4
3
5
2
2
3
3
1
1
1
-3
-3
-1
0
0
1
2
-2
-3
-1
-3
0
-1
-1
1
2
5
1
3
4
2
2
5
4
1
4
4
4
6
5
5
7
6
10
10
11
8
8
8
3
4
7
3
2
5
2
2
1
2
5
3
5
6
4
5
7
7
8
9
8
6
8
10
10
13
11
11
10
9
8
9
7
7
4
5
4
3
2
-1
1
1
3
3
6
5
7
10
8
11
10
9
10
9
6
8
5
4
4
3
5
6
7
9
7
7
7
5
5
5
5
7
7
7
7
7
6
6
6
6
7
8
8
10
12
11
12
9
7
5
7
5
5
6
4
4
3
5
3
2
5
3
4
2
3
2
-1
0
-2
-3
-2
-2
-2
1
2
0
-3
-3
-4
-6
-6
-5
-9
-9
-8
-9
-9
-12
-13
-12
-9
-6
-5
-7
-6
-6
-7
-9
-10
-11
-10
-10
-9
-9
-7
-11
-10
-7
-8
-8
-7
-8
-7
-8
-12
-11
-11
-10
-9
-9
-8
-10
-9
-5
-3
-4
-3
-2
-4
-6
-4
-4
-2
-2
-6
-4
-5
-3
-3
-2
-1
-2
1
3
3
1
3
0
-4
-5
-7
-8
-5
-6
-4
-2
-3
-3
-3
-1
0
0
3
-1
0
2
-2
-2
-3
-4
-4
-4
-3
-2
-1
1
0
-2
-1
-2
-1
-2
-1
-2
-3
-4
-8
-7
-6
-6
-2
-1
1
2
1
1
0
-4
-4
-8
-8
-9
-8
-8
-10
-11
-14
-15
-12
-14
-9
-8
-5
-3
-6
-5
-8
-8
-8
-8
-6
-6
-8
-9
-10
-12
-15
-13
-11
-9
-9
-8
-6
-5
-7
-5
-9
-9
-7
-8
-5
-8
-7
-12
-13
-12
-13
-10
-11
-8
-6
-3
-2
-2
-2
-1
1
2
3
2
-1
0
0
0
1
2
4
3
4
6
6
5
7
7
8
10
10
12
8
9
7
5
2
1
2
4
6
9
11
7
9
9
9
10
9
8
10
11
11
14
13
12
10
10
10
10
10
11
10
9
9
7
8
9
10
7
8
11
9
8
9
7
9
12
11
12
12
14
14
16
14
13
13
11
9
8
8
8
9
9
8
8
12
11
8
9
10
10
11
11
8
7
8
7
4
5
5
4
3
1
2
2
2
2
4
3
5
6
5
6
6
2
1
3
-1
0
2
0
-1
-2
-2
-3
-1
0
1
-1
0
-1
-1
-1
-3
-1
-3
-2
-3
-1
0
2
1
0
2
3
3
1
2
0
-1
0
-4
-2
-2
-2
1
3
4
6
6
8
9
10
9
7
9
5
7
7
6
3
1
4
4
6
8
7
7
7
5
5
5
6
5
5
3
1
2
2
2
2
2
3
2
1
4
3
3
2
0
0
0
-1
3
4
3
5
4
2
4
4
4
2
2
3
3
2
4
5
3
0
-5
-5
-6
-5
-5
-6
-7
-6
-6
-4
-1
0
1
-2
-1
-4
-3
-4
-5
-5
-6
-5
-9
-9
-8
-8
-6
-7
-6
-5
-3
-5
-3
-3
-7
-7
-9
-7
-7
-8
-9
-11
-11
-12
-12
-10
-11
-10
-11
-12
-10
-8
-9
-8
-8
-6
-7
-7
-7
-8
-6
-6
-8
-7
-9
-7
-10
-7
-9
-11
-11
-11
-9
-10
-11
-12
-10
-9
-7
-7
-6
-6
-6
-6
-6
-6
-6
-9
-8
-7
-8
-9
-8
-4
-4
-3
-3
2
1
1
4
3
4
5
6
7
7
7
8
8
9
9
7
8
11
12
10
8
6
6
4
4
2
2
1
0
-1
0
1
2
5
2
2
4
3
1
2
3
1
0
-1
-2
-5
-4
-3
-3
1
-1
0
3
2
0
-1
-1
-2
0
0
-2
-1
-5
-1
1
3
4
6
6
8
9
8
9
8
7
9
7
6
5
3
3
-1
-1
1
0
1
2
2
3
2
1
0
-4
-5
-4
-6
-4
-7
-7
-7
-6
-5
-5
-6
-6
-4
-6
-5
-7
-9
-7
-6
-9
-10
-8
-9
-9
-9
-8
-6
-5
-5
-3
-1
0
1
0
-4
-4
-2
-3
-2
-3
-4
-4
-4
-2
0
1
3
3
4
2
5
4
2
4
5
5
5
4
2
2
2
6
6
5
7
7
6
3
6
2
4
6
3
3
2
3
3
7
7
6
9
8
11
13
11
12
9
10
10
10
9
7
7
5
6
6
5
6
6
6
6
9
6
3
4
2
0
5
4
4
3
4
2
3
5
3
6
5
4
5
5
6
4
3
4
2
1
-1
-1
1
4
5
4
2
-1
2
-1
-1
-1
-3
-3
-5
-3
-4
-7
-7
-5
-6
-8
-9
-9
-9
-9
-7
-6
-7
-10
-9
-10
-7
-4
-4
-5
-6
-5
-4
-4
-4
-7
-10
-13
-11
-12
-13
-15
-16
-15
-17
-17
-17
-18
-17
-16
-15
-14
-14
-13
-11
-11
-11
-11
-11
-9
-10
-8
-5
-6
-6
-6
-8
-7
-5
-9
-9
-8
-6
-4
-5
-4
-5
-1
0
0
0
1
2
1
1
2
0
-1
0
0
-1
-2
0
1
1
3
1
0
3
4
3
6
6
6
5
6
5
3
4
0
1
1
0
0
1
3
2
3
2
4
1
2
2
2
6
6
5
3
3
1
1
3
3
4
2
3
2
3
5
7
7
6
7
6
5
7
6
10
9
9
9
9
12
12
9
12
8
7
10
9
8
8
7
8
9
9
8
10
10
10
11
10
10
9
10
7
6
7
5
4
4
0
0
1
-2
-1
0
-1
-1
0
2
1
1
3
0
-1
0
-2
0
0
-1
-1
1
2
3
2
3
3
4
5
6
6
7
8
7
8
8
6
7
9
8
8
9
10
8
7
8
6
7
7
6
6
6
6
8
6
5
4
5
6
5
2
3
5
6
8
6
7
7
7
8
8
5
5
4
3
4
2
0
1
2
-2
-1
-2
-3
-3
-5
-3
-6
-3
-4
-7
-7
-8
-8
-9
-9
-8
-9
-7
-7
-7
-7
-6
-5
-3
-1
-4
-4
-4
-4
-1
-3
-3
-4
-6
-8
-7
-7
-9
-9
-9
-11
-9
-8
-10
-7
-6
-6
-4
-4
-2
1
0
-2
1
1
-1
-1
-2
-4
-3
-4
-3
-3
-7
-6
-8
-7
-8
-9
-7
-7
-9
-11
-6
-6
-6
-7
-7
-8
-8
-7
-7
-7
-5
-7
-8
-9
-10
-11
-9
-10
-12
-11
-10
-7
-8
-7
-8
-7
-5
-7
-8
-8
-7
-6
-6
-5
-8
-9
-8
-10
-10
-10
-9
-9
-6
-7
-3
-2
-3
1
-1
0
-1
-3
-3
-4
-4
-5
-5
-6
-8
-8
-7
-8
-5
-7
-7
-8
-8
-9
-8
-4
-6
-4
-1
0
-1
0
1
0
3
3
4
3
7
3
0
2
4
4
4
6
2
2
2
0
1
0
-2
-4
-4
-6
-4
-4
-3
-6
-7
-7
-6
-4
-3
0
-2
-1
-1
0
1
2
4
2
6
3
3
1
2
1
-1
1
-1
0
0
2
2
1
2
1
1
1
1
-1
-2
-3
-4
-5
-3
-3
-1
-3
-1
-1
-3
-1
1
0
1
2
-1
-3
-2
-4
-3
-1
-2
-3
-2
-3
-5
-3
-1
-4
-7
-6
-3
-4
-1
0
-3
0
-1
2
4
9
10
8
10
9
8
9
9
8
8
8
5
5
6
7
6
7
6
5
8
8
10
10
11
11
12
11
12
11
10
10
11
9
8
8
6
5
1
0
0
-2
1
1
3
3
0
3
2
1
1
3
3
2
2
-1
0
-2
-3
-4
-4
-4
-4
-3
-3
-1
0
1
3
5
4
7
7
5
4
5
4
3
2
3
0
0
0
0
4
1
4
6
5
6
8
9
10
9
12
9
9
10
10
11
11
10
10
10
9
8
9
9
8
7
6
5
6
7
6
6
8
7
7
6
6
7
5
5
5
2
1
-1
0
-1
-1
-1
-1
-2
-5
-2
0
1
-1
0
1
1
3
2
0
-3
-3
-6
-7
-7
-6
-4
-8
-6
-6
-6
-3
-1
-3
-4
-2
-1
-3
-4
-1
-3
-2
1
-1
-1
0
-1
-1
0
-1
-1
2
3
2
4
3
2
1
4
5
4
8
7
7
4
4
5
3
2
0
1
-2
-3
-1
-6
-6
-6
-6
-4
-4
-2
-4
-3
-2
-2
-2
0
-2
-6
-2
0
-1
-1
-1
-3
-2
-2
-6
-2
1
2
4
1
3
4
1
2
3
0
-3
-2
-1
-2
-2
0
0
0
0
2
3
2
1
-1
-3
-1
-1
-2
-2
1
1
1
2
2
4
3
3
2
2
1
2
4
4
2
-1
0
-2
-2
0
2
4
3
4
4
3
4
5
3
2
0
-1
-2
-1
-3
-2
-1
-1
-2
-1
-2
-4
-2
-4
-2
1
1
0
0
2
3
4
3
1
4
5
1
4
2
3
4
3
3
3
1
1
1
-1
2
2
3
3
4
5
4
5
5
3
3
3
1
1
-1
-4
-5
-5
-7
-5
-5
-6
-4
-2
-1
0
-1
-1
1
-1
-1
-1
-5
-4
-6
-6
-9
-8
-6
-5
-4
-4
-2
-1
-1
-1
-1
-2
-1
2
0
-2
-1
-1
-1
2
-1
-3
-1
-3
-5
-6
-5
-4
-3
-5
-7
-4
-3
-5
-3
-3
0
-1
1
0
-3
-2
-5
-5
-5
-9
-6
-7
-9
-10
-11
-11
-9
-8
-11
-9
-9
-5
-4
-6
-4
-6
-6
-6
-5
-6
-8
-6
-7
-8
-6
-5
-6
-7
-6
-6
-6
-3
-4
-2
-5
-4
-3
-3
-2
-2
-1
-1
-1
0
1
0
-2
-1
2
1
1
1
2
4
2
5
2
-1
0
-1
-2
-1
-1
0
-1
-1
-2
-5
-3
-3
-2
-4
-5
-6
-6
-3
-4
-4
-3
-3
-2
-2
-1
-2
-2
0
0
-1
0
1
-1
1
1
2
1
3
5
4
5
7
7
6
9
12
12
13
12
13
12
13
13
9
9
10
10
11
10
10
9
8
6
6
4
4
4
2
0
1
1
-1
-2
-4
-5
-4
-6
-5
-7
-10
-11
-11
-10
-11
-11
-11
-12
-11
-9
-11
-8
-8
-7
-4
-2
-4
-6
-4
-4
-1
-1
-1
0
0
2
2
2
1
-1
2
4
3
6
7
6
7
8
9
11
10
11
10
13
13
10
11
11
10
8
9
7
5
7
6
5
6
6
5
5
3
5
3
1
-1
0
0
1
3
2
0
-1
-2
0
-1
-2
1
1
2
3
3
5
3
5
4
4
5
5
7
6
5
5
4
4
3
5
8
9
7
9
10
9
9
9
9
7
8
10
8
7
4
3
2
-1
0
2
2
2
0
2
2
2
2
-1
0
0
2
1
3
2
-1
3
1
-1
0
-1
0
3
1
-1
-3
-3
-6
-8
-5
-3
-1
-1
3
4
4
6
5
5
6
4
3
4
4
2
4
4
2
3
5
3
1
1
2
4
4
4
5
8
5
6
8
8
7
6
8
6
7
4
5
3
2
1
2
0
-2
-3
-3
-2
-4
-2
-2
-2
-1
-3
-4
-3
-2
-2
-2
-5
-8
-7
-6
-7
-8
-6
-7
-8
-9
-8
-8
-6
-4
-1
1
-3
-1
1
0
1
2
1
-1
-1
-2
-1
-1
0
0
0
-1
1
4
5
4
6
4
3
3
6
6
6
7
4
5
4
2
2
0
1
2
-2
-2
-4
-6
-6
-6
-5
-3
-1
0
1
-1
-2
1
0
-4
-3
-3
-3
-3
-4
-3
-5
-4
-3
-2
3
2
6
4
4
6
5
7
4
8
7
4
5
4
4
5
2
2
2
4
6
6
6
6
4
4
4
4
5
4
4
6
8
7
8
9
8
9
8
7
7
4
3
2
2
4
3
4
1
1
1
0
1
0
1
2
1
2
2
0
-1
-2
-4
-6
-6
-4
-5
-7
-5
-7
-5
-2
-1
-1
2
3
4
3
1
1
2
0
-2
-2
-3
-3
-6
-6
-4
-4
-2
-4
-7
-7
-6
-6
-6
-6
-5
-6
-7
-4
-4
-3
-3
-2
-2
-1
-1
-3
-2
-7
-6
-4
-6
-5
-6
-7
-6
-7
-7
-6
-6
-7
-8
-7
-7
-8
-10
-9
-12
-11
-11
-11
-11
-12
-12
-10
-9
-9
-7
-5
-6
-6
-5
-6
-6
-3
-2
-4
-5
-5
-4
-3
-5
-5
-6
-6
-6
-6
-8
-5
-6
-6
-4
-3
-7
-8
-3
-2
-3
3
5
5
5
3
5
3
2
3
4
4
2
2
-2
-2
-4
-6
-4
-6
-5
-2
0
0
4
3
2
4
5
4
3
1
1
3
1
0
3
3
3
5
6
6
5
5
7
9
9
8
7
7
6
5
4
2
1
-2
-2
-1
-3
-6
-10
-9
-7
-9
-9
-6
-7
-4
0
0
2
2
2
-1
0
-1
1
-3
-3
-4
-5
-5
-6
-4
-5
-4
-6
-5
-2
0
3
5
5
6
5
7
6
6
4
4
0
-3
-3
-3
-4
-7
-6
-8
-11
-8
-9
-7
-7
-5
-1
-1
-1
-4
-6
-6
-9
-8
-11
-14
-16
-16
-16
-18
-18
-18
-16
-14
-17
-15
-16
-15
-14
-14
-11
-8
-7
-8
-8
-11
-11
-10
-13
-13
-12
-13
-14
-10
-9
-8
-9
-9
-7
-8
-7
-7
-5
-7
-11
-9
-13
-14
-12
-13
-14
-14
-13
-16
-15
-13
-12
-11
-13
-10
-10
-9
-6
-4
-1
-2
-1
-2
0
2
2
3
2
4
2
3
5
1
1
3
3
7
9
9
8
5
3
7
8
10
12
12
12
10
14
11
15
14
15
15
12
16
17
19
18
16
16
16
16
17
19
19
20
21
20
21
19
19
21
18
17
19
20
15
16
16
17
22
21
25
25
27
25
28
29
26
27
30
29
26
27
27
26
22
20
21
20
19
19
18
16
18
17
15
15
14
11
13
10
11
9
10
10
7
9
6
7
3
6
5
2
2
0
3
1
4
4
3
6
5
4
4
7
4
7
8
5
8
7
4
5
5
5
4
6
6
5
6
3
2
2
3
3
0
-2
-3
-3
-6
-8
-8
-11
-12
-15
-14
-16
-15
-19
-19
-19
-20
-18
-19
-16
-15
-15
-13
-14
-12
-10
-6
-6
-5
-5
-6
-3
-3
-2
-1
-2
-1
-4
-2
-4
-3
0
1
0
-1
3
1
4
6
3
3
0
-1
-3
-3
-4
-4
-2
-5
-3
-4
-5
-4
-4
-5
-7
-5
-5
-4
-3
-2
0
-2
-3
0
1
0
1
0
-3
-4
-3
-2
-1
-5
-4
-5
-3
-5
-6
-6
-8
-4
-3
2
4
1
0
0
0
0
-3
-5
-6
-6
-7
-8
-7
-10
-8
-7
-8
-7
-7
-7
-7
-10
-9
-11
-13
-11
-13
-13
-12
-13
-13
-14
-15
-13
-11
-11
-9
-6
-6
-4
-3
-2
-1
-2
0
-1
0
-1
-2
-2
-3
-2
-7
-8
-9
-10
-13
-15
-11
-13
-14
-13
-16
-15
-12
-13
-13
-9
-8
-8
-5
-7
-7
-7
-7
-9
-8
-8
-9
-9
-11
-11
-12
-11
-10
-9
-10
-9
-7
-7
-7
-7
-3
-4
-5
-5
-2
-2
-4
-5
-4
-2
-2
-2
-4
-1
-2
0
2
2
2
0
0
0
0
-2
-1
1
0
3
3
0
0
0
-2
-2
-1
-2
-2
-3
-4
-2
-2
0
0
1
4
6
6
6
10
9
6
6
8
6
3
5
5
3
3
2
3
6
5
4
6
7
9
13
12
10
8
6
9
8
9
7
5
7
5
7
5
7
8
6
7
6
7
7
7
5
4
4
4
4
4
3
2
5
3
1
-2
0
0
-1
-1
0
-2
-2
-3
-4
-2
-1
0
2
3
2
3
5
1
4
4
4
4
3
4
5
4
-1
2
-1
-2
-3
-6
-5
-6
-4
-1
0
-2
0
-1
-3
-3
-3
-2
-1
-3
-5
-4
-6
-7
-6
-4
-5
-4
-4
-3
-6
-7
-6
-6
-5
-6
-7
-8
-8
-7
-6
-7
-7
-7
-11
-8
-8
-8
-9
-8
-7
-7
-4
-3
-3
-2
1
0
-1
0
-2
0
0
-2
-3
-3
-3
-3
-3
-2
-1
-1
-3
-2
0
-1
1
-1
2
3
1
3
3
0
-2
-2
-1
0
-1
0
0
1
3
2
4
4
5
6
6
8
10
9
9
6
7
8
7
8
5
4
6
4
5
3
2
3
-3
-2
-3
-3
0
-2
-1
-1
-1
2
3
4
8
6
7
7
3
3
4
2
0
3
1
-1
0
-1
-1
0
0
1
4
5
7
7
6
8
6
3
1
3
0
-4
-1
-3
-3
-1
-1
-2
-2
-3
-3
-2
-2
-3
-4
-2
-3
-2
-1
-5
-2
-5
-7
-7
-7
-9
-8
-10
-11
-10
-8
-7
-8
-8
-9
-6
-6
-4
-3
-2
1
-1
1
-3
-2
-3
-4
-6
-7
-6
-8
-4
-6
-5
-4
-2
0
3
6
6
6
7
10
9
10
8
8
8
6
6
4
5
6
4
1
0
-1
-1
0
2
3
2
3
7
5
6
6
5
5
4
5
6
6
6
6
2
2
3
2
5
6
6
8
9
13
12
13
15
16
17
13
14
14
13
11
7
7
6
6
3
2
2
5
3
6
9
7
12
10
12
14
13
13
11
13
12
12
12
14
10
9
10
9
12
8
8
10
10
10
9
12
10
10
13
12
15
16
14
14
13
12
11
11
9
10
9
8
9
6
5
5
6
7
9
11
10
11
11
10
9
8
7
5
6
4
2
-2
-5
-4
-4
-4
-5
-2
-2
-1
0
-1
0
2
5
2
4
3
2
0
0
1
-1
0
0
2
-1
1
2
2
2
3
5
4
7
5
7
6
6
5
2
4
4
4
2
-2
-2
-1
-6
-4
-4
-7
-9
-10
-10
-12
-10
-12
-12
-11
-10
-8
-8
-10
-10
-11
-14
-15
-16
-16
-18
-22
-20
-20
-20
-20
-22
-19
-18
-16
-16
-18
-17
-15
-15
-16
-15
-18
-15
-14
-17
-18
-16
-16
-15
-13
-17
-14
-14
-14
-13
-15
-13
-14
-14
-15
-15
-13
-12
-12
-11
-9
-12
-12
-11
-11
-11
-10
-9
-10
-11
-10
-10
-10
-8
-8
-6
-6
-4
1
-1
0
0
0
0
-2
-5
-4
-4
-6
-5
-5
-5
-7
-7
-8
-7
-5
-5
-5
-4
-3
0
0
-1
0
-1
1
0
0
1
0
2
3
2
5
6
5
6
6
4
5
4
4
7
7
8
8
8
7
6
8
6
5
4
6
7
6
6
4
1
4
4
2
2
3
2
1
3
4
5
6
3
4
5
5
5
2
4
1
0
1
-1
0
1
3
1
0
1
2
2
0
0
-2
0
0
-1
-2
-1
-2
-1
0
0
1
2
1
3
3
2
6
2
-1
-2
-1
0
-2
1
1
3
4
4
2
3
2
1
-1
0
2
0
-1
-4
-4
-1
1
4
3
3
4
4
4
5
6
4
5
4
1
-1
-3
-2
-3
-2
-3
-3
0
-1
-2
0
-1
-3
-1
0
1
0
3
2
3
6
3
3
6
5
9
10
8
10
8
10
12
13
13
14
13
12
12
12
15
16
17
18
17
14
14
15
14
14
12
14
13
14
16
15
16
18
17
17
15
17
20
18
15
17
19
13
12
13
14
11
11
13
11
10
8
10
7
7
8
7
8
8
8
8
7
6
6
6
8
7
7
6
7
8
9
11
11
11
10
10
8
9
9
9
9
8
10
7
5
6
5
5
4
2
3
2
2
1
2
2
1
0
2
1
1
2
4
5
3
5
6
4
4
5
5
2
3
3
-1
-1
-1
-1
-2
-2
-3
-4
-5
-5
-4
-5
-6
-7
-7
-8
-11
-11
-14
-15
-15
-13
-14
-15
-16
-16
-18
-20
-19
-16
-16
-17
-17
-17
-19
-19
-19
-19
-19
-18
-17
-16
-17
-17
-18
-18
-19
-20
-20
-20
-21
-20
-19
-18
-18
-15
-17
-15
-12
-11
-11
-11
-11
-13
-12
-10
-8
-10
-10
-8
-7
-8
-8
-7
-8
-6
-7
-9
-6
-8
-7
-6
-6
-6
-3
-3
-4
-4
-3
-3
0
1
-1
-2
-2
-3
-2
-1
-2
-2
-2
-3
-2
-2
-2
-2
1
1
2
3
2
1
2
1
0
0
-1
1
0
-2
-3
-5
-5
-2
-3
-4
-2
-2
-2
-1
0
0
-1
-2
-1
-3
-2
-2
-5
-3
-2
0
0
1
-1
-2
-1
-1
0
-1
-1
1
2
3
7
5
6
6
6
5
2
5
5
3
2
0
-2
-1
-2
-5
-5
-7
-7
-7
-7
-4
-4
-5
0
0
0
-3
-3
-4
-6
-4
-8
-9
-8
-6
-7
-7
-8
-7
-4
-4
-4
-1
1
2
3
4
5
4
4
6
5
4
4
4
5
5
5
4
6
5
6
8
6
7
8
8
7
7
8
10
11
10
10
10
11
12
12
12
11
10
11
8
9
8
9
10
10
13
12
13
12
12
13
16
15
14
16
17
18
17
14
15
14
13
12
13
13
15
15
16
16
14
16
15
16
16
15
15
12
10
11
10
11
10
10
9
11
11
10
10
8
7
8
9
7
2
3
4
-1
-1
0
2
2
4
5
3
2
0
2
2
2
3
-1
-1
-1
-3
-3
-4
-4
-6
-8
-5
-6
-7
-7
-7
-6
-6
-7
-8
-9
-13
-11
-8
-10
-11
-10
-10
-9
-8
-9
-8
-7
-9
-11
-9
-9
-9
-7
-10
-11
-9
-6
-9
-9
-7
-9
-7
-9
-6
-5
-5
-3
-4
-5
-5
-5
-7
-6
-6
-6
-8
-6
-7
-8
-3
-4
-3
-3
-3
-3
-7
-6
-7
-7
-6
-9
-7
-11
-9
-8
-8
-8
-7
-8
-7
-8
-8
-7
-7
-6
-5
-5
-5
-4
-3
-3
-3
-4
-3
-1
0
0
1
0
2
0
1
0
-1
1
0
1
1
0
0
0
1
1
1
-2
-2
1
0
0
2
-2
-1
1
2
2
3
3
0
1
-2
-3
-2
-5
-5
-6
-9
-6
-7
-5
-4
-4
-1
-1
1
2
1
3
0
0
-1
-2
-1
-1
0
-1
1
-1
-1
-1
-3
0
1
0
1
-1
1
-2
-4
-4
-3
-4
-4
-3
-3
-3
-3
-1
-3
-2
-4
-4
-3
-6
-8
-7
-7
-7
-8
-7
-5
-5
-3
-2
0
4
1
-2
-1
-1
-4
-4
-3
-5
-5
-6
-6
-1
-2
0
1
2
4
4
8
7
8
8
10
9
7
9
9
7
7
7
7
7
3
6
8
5
6
8
6
5
6
4
1
3
2
0
2
0
0
0
-1
1
2
2
-2
0
0
0
0
-1
1
0
-2
-1
1
1
1
2
-1
0
1
-1
0
1
-1
1
0
-1
2
3
2
2
5
6
6
9
7
10
7
8
9
9
9
8
8
10
9
6
8
9
9
7
6
7
5
3
3
3
3
5
4
2
1
2
2
1
2
2
2
2
2
-1
-1
1
2
1
2
5
4
3
4
6
6
7
7
5
7
7
7
9
7
5
5
3
3
1
0
1
0
3
2
5
7
4
6
4
7
4
2
5
3
1
0
0
-2
-1
1
-1
-1
-2
-1
-1
-1
1
1
3
3
1
2
1
-1
-1
-1
-1
-2
0
-2
-3
-1
-3
-4
-3
-4
-3
-3
1
3
2
2
0
2
5
5
5
6
8
6
5
7
3
3
3
1
0
0
0
1
2
2
2
3
1
4
3
4
3
2
1
0
0
-1
0
-3
-3
-1
-4
-5
-4
-3
-4
-4
-3
-3
-3
-3
-4
-3
-2
-4
-5
-6
-4
-4
-7
-7
-6
-7
-7
-5
-6
-4
-3
-4
0
-1
0
-1
0
2
4
4
3
2
4
4
2
1
2
4
1
0
-3
-3
-6
-2
-2
-4
-1
-1
-1
-3
1
2
0
2
2
2
2
2
-1
0
-2
-2
-3
-2
-2
-1
0
0
2
1
0
-2
-1
-2
-3
-3
-3
-4
-4
-2
-3
-2
-3
-6
-8
-6
-7
-5
-3
-4
-5
-5
-5
-5
-4
-6
-1
1
-1
-1
-1
0
-1
0
2
1
0
-1
-1
-2
-2
-3
-2
-1
0
0
3
5
5
3
3
5
3
2
2
3
0
-1
2
0
1
1
-1
-2
-4
-3
-2
0
0
-1
0
-1
0
0
-2
-1
-3
-4
-3
-5
-3
-7
-6
-2
-4
-4
-2
0
0
-2
-2
0
1
3
5
5
5
5
6
7
6
6
4
2
0
1
-1
-2
1
-1
-3
-1
-3
0
0
2
1
2
5
3
3
5
4
1
1
-1
-3
0
-1
-1
-2
-3
0
-3
-2
-2
0
1
2
2
2
4
2
2
4
1
0
0
1
0
-1
2
0
1
-2
0
-2
-5
-3
-5
-4
-5
-6
-6
-5
-4
-4
-5
-4
-2
-2
-4
-3
-1
-4
-3
-3
-4
-4
-1
-3
-3
-2
0
1
-1
1
3
3
3
4
4
6
5
5
2
1
0
-3
-4
-4
-4
-4
-4
-5
-1
-3
-2
-1
0
-1
-1
3
-2
1
-1
0
0
-1
0
-3
-2
-1
-2
0
0
3
4
4
6
7
9
9
11
12
11
10
8
10
10
10
7
6
7
5
8
5
2
1
1
2
4
6
5
3
5
3
2
1
1
0
0
2
0
0
0
0
-2
-2
-1
0
-3
0
1
1
2
0
2
1
2
1
0
2
-1
-1
0
1
0
-1
-2
-3
-4
-2
-2
0
-1
-1
-1
0
1
1
5
6
7
9
12
10
8
10
5
4
3
2
2
2
2
1
-1
-2
-2
-5
-6
-8
-8
-7
-8
-8
-7
-7
-7
-7
-9
-8
-10
-12
-10
-13
-13
-11
-8
-8
-5
-5
-8
-5
-8
-6
-5
-4
-5
-6
-3
-5
-3
-5
-4
-7
-9
-7
-10
-10
-10
-10
-9
-7
-6
-7
-4
-2
-1
1
3
1
0
1
0
2
1
-1
-2
-2
-1
-4
0
-2
-3
0
-1
1
2
2
2
2
0
2
3
3
4
2
3
3
4
5
3
7
7
3
3
0
-1
0
0
0
2
1
-1
2
5
1
3
1
2
2
1
3
2
2
0
0
0
-2
-2
-2
-2
0
2
4
4
2
6
5
2
6
5
4
5
7
8
2
5
4
3
5
3
1
0
0
-1
-2
-4
-3
-3
0
1
-2
-3
-1
-3
-2
-1
-3
-4
-5
-4
-4
-5
-5
-5
