1
-3
-5
-5
-4
-8
-8
-11
-10
-9
-10
-8
-8
-6
-6
-5
-4
-10
-10
-11
-10
-10
-7
-5
-6
-6
-8
-7
-9
-9
-12
-10
-12
-12
-12
-12
-11
-11
-10
-8
-7
-5
-2
-1
1
3
4
1
2
1
0
2
1
2
-2
-3
-3
-1
4
2
3
5
5
7
10
9
9
8
9
8
12
11
13
12
9
7
7
7
4
6
2
-1
-1
-3
-4
-4
-2
-5
-5
-6
-9
-8
-4
-7
-7
-5
-3
-4
-4
-2
-3
1
1
0
4
6
5
5
5
7
8
7
5
6
8
7
6
4
5
7
5
8
8
10
11
11
12
10
11
12
15
11
9
9
8
7
3
1
-1
-2
-3
-6
-6
-6
-9
-9
-10
-12
-12
-11
-14
-15
-12
-11
-12
-14
-15
-15
-16
-18
-17
-18
-20
-20
-22
-23
-20
-21
-20
-17
-19
-15
-16
-15
-12
-10
-11
-9
-6
-5
-2
0
-1
0
-2
-4
-5
-7
-7
-7
-6
-7
-5
-6
-4
0
1
5
6
9
6
5
2
4
3
0
1
-4
-6
-4
-5
-6
-7
-8
-8
-10
-9
-8
-4
-7
-6
-4
-5
-5
-7
-4
-3
-4
-7
-7
-8
-9
-9
-11
-9
-8
-8
-8
-7
-7
-7
-7
-6
-5
-2
-3
-3
-2
0
1
1
3
3
3
2
2
4
4
2
0
0
1
2
4
5
5
5
5
5
7
7
7
9
7
7
10
11
10
8
6
6
8
7
8
10
11
12
11
9
10
11
13
16
16
17
17
14
13
14
10
11
12
10
11
11
12
12
9
6
5
4
3
6
6
6
8
9
7
6
8
7
8
11
10
10
10
12
9
7
3
2
2
-3
-1
-5
-6
-5
-7
-6
-3
-5
-7
-8
-8
-7
-6
-4
-4
-5
-3
-2
0
1
0
1
3
3
1
-2
-2
-1
3
0
3
4
7
8
7
12
11
13
9
7
4
2
2
2
0
1
-2
-5
-6
-6
-8
-11
-6
-8
-6
-4
-4
-2
-1
-1
0
-2
-2
-1
-3
-2
-2
-2
-1
0
-3
-3
-2
-5
-4
-2
-3
-3
1
-2
-1
1
0
1
2
2
2
4
1
1
2
1
0
0
-1
0
1
0
3
2
3
2
2
2
1
3
2
2
2
0
4
2
0
0
-3
-1
-1
-1
1
3
2
3
4
3
4
4
4
4
0
0
1
-3
-1
-4
-4
-5
-7
-5
-6
-3
-6
-7
-5
-4
-3
-4
-6
-7
-6
-3
-4
-4
-7
-7
-6
-7
-6
-10
-7
-5
-7
-6
-7
-5
-3
-2
-1
-2
-3
-4
-7
-7
-8
-11
-11
-13
-13
-13
-11
-12
-12
-13
-9
-5
-3
0
1
6
9
9
9
9
9
9
6
5
3
1
-3
-3
-1
-4
-4
-3
-6
-6
-4
-5
-1
-1
1
0
-3
-1
-2
0
0
-1
1
1
0
-1
-1
0
4
0
2
3
2
4
4
6
6
7
7
7
7
9
11
10
11
9
9
10
9
10
10
4
5
5
6
8
6
6
6
8
9
9
8
8
7
6
7
8
6
5
5
4
5
1
2
3
2
3
2
0
1
2
1
1
0
4
4
3
3
2
3
0
-1
-1
0
1
1
1
0
-2
-2
-1
-1
-2
0
2
2
2
0
-1
-1
3
5
4
2
-1
-4
-2
-3
-4
-3
-2
-1
-1
0
1
1
1
3
6
3
3
3
5
6
9
10
8
7
5
2
1
1
-2
0
-2
-3
-6
-6
-4
-7
-4
-4
-4
0
2
1
0
1
1
3
4
2
4
0
-2
-4
-4
-1
-5
-3
-3
-6
-1
-4
-3
-2
1
3
3
7
7
7
6
4
3
3
3
1
-2
0
-3
-4
-4
-7
-7
-6
-5
-5
-3
-2
-2
1
0
1
1
2
-1
-2
-3
-4
-5
-8
-9
-11
-11
-11
-10
-9
-10
-8
-8
-6
-5
-7
-3
-2
-1
0
3
4
2
2
2
-1
-3
-1
-2
1
4
4
6
8
9
8
10
13
12
15
14
15
15
14
16
14
12
10
9
9
7
5
3
2
2
1
0
-2
-3
1
1
0
2
0
0
2
2
1
4
2
-1
-2
-5
-6
-6
-8
-8
-8
-6
-4
-4
-2
-4
-3
0
-2
1
2
3
5
4
7
6
4
3
-1
-2
-5
-9
-9
-10
-12
-12
-12
-10
-8
-6
-7
-6
-6
-6
-5
-6
-2
-4
-4
-5
-5
-7
-7
-8
-7
-6
-10
-8
-9
-7
-6
-7
-4
-6
-6
-5
-5
-3
-4
-4
-6
-5
-8
-7
-7
-9
-10
-10
-10
-12
-12
-10
-11
-12
-12
-13
-10
-10
-10
-13
-13
-14
-13
-12
-10
-10
-8
-4
-8
-7
-7
-8
-5
-4
0
0
2
3
4
3
3
5
4
3
4
5
6
6
7
7
6
8
12
11
11
15
14
13
14
14
17
16
15
18
15
12
12
12
7
9
11
9
9
7
6
6
7
7
8
7
7
9
8
8
8
9
5
5
3
2
1
-1
2
1
3
2
2
3
1
4
3
5
8
6
7
9
12
13
14
14
14
16
16
16
15
14
13
9
10
8
6
8
4
5
5
5
3
5
5
0
2
0
-1
-3
-5
-4
-2
-2
-8
-3
-3
-9
-5
-7
-7
-7
-4
-3
-7
-6
-5
-4
-4
-2
-2
-3
0
-2
2
1
3
6
4
1
0
4
5
9
12
10
10
12
14
15
13
13
13
13
10
10
8
11
11
14
14
10
9
7
5
3
3
2
2
0
2
6
5
4
6
6
5
5
4
7
6
7
4
2
0
-1
0
-1
-2
-2
-3
-4
-2
-1
0
3
4
6
7
4
7
8
10
8
8
8
5
6
4
8
7
4
5
3
2
2
2
0
1
1
1
4
4
2
3
3
5
4
4
5
5
3
2
3
2
4
4
2
-2
0
-4
-7
-1
-6
-5
1
-1
-1
-6
-6
-7
-8
-12
-12
-12
-17
-16
-16
-16
-18
-17
-16
-17
-15
-16
-16
-16
-9
-9
-11
-10
-13
-8
-10
-9
-11
-12
-11
-15
-11
-10
-12
-11
-13
-9
-10
-10
-9
-10
-8
-10
-7
-9
-9
-4
-6
-6
-5
-8
-6
-8
-7
-7
-8
-11
-13
-12
-11
-14
-12
-12
-11
-5
-4
-4
-5
-5
-5
-7
-6
-8
-5
-5
-4
-7
-12
-10
-10
-6
-9
-12
-14
-12
-9
-8
-8
-11
-8
-7
-4
-4
-6
-1
-3
0
-1
-1
0
1
1
-2
1
-2
-2
-1
-1
3
1
4
3
5
6
7
9
5
8
7
7
7
1
3
-1
0
-2
-4
-3
-3
-1
-4
-1
2
5
5
5
8
8
10
10
10
10
6
10
9
8
7
5
6
2
5
2
-3
-1
-4
-3
-8
-4
-4
-5
-1
-1
2
-1
0
2
1
0
-1
0
0
1
3
0
1
1
0
1
1
4
1
0
-1
0
1
0
2
1
2
0
1
1
2
4
5
5
5
7
8
7
9
8
9
11
12
13
13
15
14
13
9
11
12
14
17
14
12
8
11
11
11
9
9
9
5
8
7
10
11
9
10
9
10
8
5
8
6
6
8
6
7
3
4
4
3
4
3
3
6
6
6
6
7
9
6
10
12
10
11
10
6
8
9
8
5
5
8
6
9
8
9
8
5
7
4
5
3
2
1
2
3
-1
2
3
3
-1
-2
-2
-3
-1
0
-3
-2
-4
-4
-3
-2
-2
-5
-5
-9
-7
-7
-5
-5
-11
-7
-7
-6
-5
-5
-6
-6
-5
-4
-4
-5
-6
-6
-9
-11
-10
-9
-9
-7
-9
-9
-9
-13
-13
-14
-13
-14
-14
-16
-18
-15
-15
-16
-14
-19
-19
-16
-13
-14
-17
-14
-13
-9
-5
-5
-6
-5
-3
-2
-1
-2
1
1
-2
-4
-6
-7
-12
-15
-15
-17
-17
-17
-20
-17
-16
-19
-18
-14
-11
-8
-6
-5
-8
-8
-4
-2
-2
-3
-4
-3
-8
-10
-10
-12
-10
-9
-5
-7
-6
-2
-4
-3
0
2
1
7
7
6
9
10
7
8
6
2
6
-1
-1
-2
-4
2
2
5
6
5
9
7
11
9
12
13
8
11
6
8
7
6
8
6
6
-2
1
4
1
3
5
4
3
3
5
2
5
9
9
9
8
7
7
9
6
8
7
5
3
3
5
-2
4
5
2
8
5
5
11
7
4
2
2
3
4
6
-2
-3
-4
-3
0
0
1
3
1
4
3
6
5
2
3
-2
1
0
-1
-4
-4
-6
-12
-6
-6
-8
-9
-9
-14
-13
-9
-10
-9
-11
-6
-8
-10
-8
-9
-8
-10
-7
-4
-7
-3
-4
-3
-2
-5
-6
-10
-10
-13
-12
-9
-9
-5
-6
-1
-4
1
1
-1
2
-2
-2
-4
-3
-8
-5
-3
-4
-2
-5
-3
-5
-3
-4
-7
-3
-4
-3
3
7
11
11
12
12
10
16
16
15
19
19
16
18
21
24
30
29
30
32
28
29
29
27
28
26
27
26
25
25
22
22
20
22
20
21
21
19
23
21
21
22
23
22
18
20
21
17
20
20
19
17
16
13
10
9
10
7
7
6
4
5
6
7
6
6
3
3
4
3
6
3
5
5
6
5
8
6
5
7
9
6
4
3
2
4
1
0
0
0
1
0
-2
-4
-3
-1
-1
-2
-3
-5
-7
-6
-4
-6
-8
-6
-6
-10
-8
-9
-8
-5
-8
-5
-5
-3
-1
-4
-3
-6
-11
-10
-11
-10
-12
-14
-11
-9
-10
-8
-8
-8
-6
-6
-3
1
1
4
6
1
3
7
3
5
5
3
6
1
-2
-3
-4
0
0
-4
-7
-9
-8
-7
-7
-8
-6
-9
-10
-9
-8
-6
-6
-1
-1
-4
-1
-3
1
1
-2
-1
-3
-1
-2
-1
0
-1
0
0
1
2
2
1
3
2
1
3
5
8
5
5
6
5
5
2
2
-2
-2
0
-5
-8
-11
-11
-8
-8
-7
-8
-8
-8
-4
-3
-4
-3
-5
-5
-4
-4
-2
-3
-2
-3
-3
-2
-5
-6
-11
-10
-11
-13
-12
-15
-14
-14
-15
-16
-21
-19
-17
-14
-11
-11
-9
-8
-3
-2
-3
-3
-5
-5
-7
-7
-7
-6
-8
-9
-11
-11
-10
-12
-9
-8
-9
-10
-10
-9
-12
-11
-11
-8
-11
-11
-8
-11
-8
-8
-8
-11
-10
-11
-13
-10
-11
-9
-8
-6
-4
-5
-4
-3
-3
0
-1
0
-2
-1
1
1
1
1
2
-1
3
4
4
7
5
8
8
7
8
11
8
6
7
4
7
10
8
9
6
6
6
6
6
5
2
0
-1
-1
1
-2
0
0
-2
-3
-2
-1
-1
1
2
2
-2
1
2
0
1
2
2
3
2
2
6
6
6
7
8
7
8
9
5
4
3
3
2
1
0
-1
-2
0
0
4
4
5
7
3
4
4
4
4
4
3
2
3
3
3
4
5
2
4
1
-3
-3
-6
-2
-1
-2
-1
-3
-3
-4
-4
-3
-3
-4
-5
-3
-5
-6
-6
-5
-5
-8
-9
-10
-10
-11
-12
-11
-12
-12
-10
-8
-4
-3
-4
-6
-2
-2
0
4
0
1
1
1
-1
2
3
-1
2
-1
-2
0
2
4
6
5
6
2
4
6
6
8
8
8
5
8
11
12
13
13
13
10
11
10
12
12
13
13
10
9
9
8
7
8
9
7
9
11
10
13
14
11
10
7
6
8
9
9
8
8
8
8
8
6
10
9
8
10
9
11
12
11
10
9
8
7
8
8
6
9
8
9
7
9
9
8
10
8
7
7
9
10
12
12
11
8
5
6
5
7
10
6
5
3
2
5
3
4
2
0
-2
-2
-2
-1
-1
-3
-3
-6
-4
-3
-1
0
-5
-6
-4
-4
-1
-4
-4
-1
-4
-3
0
2
1
1
0
-2
-3
-2
-3
-2
0
-1
-5
-3
-1
-1
2
3
7
4
6
8
8
13
11
11
11
8
8
7
6
5
2
5
6
2
3
-1
2
3
-1
-1
-1
-2
0
1
0
-2
-4
-3
-6
-4
-2
-1
1
2
2
-1
1
0
2
1
0
0
-2
0
2
2
2
1
-1
-2
-4
-6
-8
-11
-14
-17
-16
-15
-14
-15
-14
-14
-12
-11
-8
-8
-6
-5
-4
-6
-7
-8
-9
-9
-12
-9
-9
-12
-10
-9
-9
-8
-10
-8
-4
-7
-5
-7
-5
-7
-7
-5
-4
-8
-9
-9
-14
-11
-13
-14
-13
-16
-17
-18
-16
-18
-15
-14
-17
-13
-14
-18
-16
-15
-15
-13
-12
-17
-15
-17
-19
-15
-20
-19
-15
-12
-11
-8
-7
-3
2
1
-1
0
0
2
3
1
-1
0
0
-4
-2
0
-6
-5
-2
-5
-1
0
3
5
4
6
2
4
3
1
0
-1
-2
-2
-4
-3
1
5
6
5
5
5
6
10
15
16
23
24
22
19
20
17
14
13
12
13
10
6
1
-3
-9
-8
-8
-8
-11
-15
-14
-17
-11
-12
-10
-6
-5
-2
-6
-3
-4
-3
-2
-6
-5
-10
-8
-11
-13
-10
-10
-10
-10
-9
-10
-3
-4
-1
0
-3
0
-3
-2
-1
-1
0
-2
-4
-7
-10
-9
-13
-9
-7
-8
-6
-8
-6
-7
-4
-2
-2
1
3
4
1
0
-3
-7
-9
-9
-9
-12
-15
-16
-18
-23
-24
-25
-23
-17
-17
-16
-13
-9
-7
-6
-3
-3
-3
-6
-5
-4
-3
-7
-11
-12
-13
-14
-9
-5
-6
-3
-6
-5
-3
-2
-1
-3
-3
-4
-5
-2
1
0
-2
2
0
-1
0
-2
-1
-1
-1
2
4
4
3
9
7
8
8
6
8
4
8
5
6
8
3
3
3
5
3
4
6
2
3
2
5
6
7
4
2
3
-1
0
-2
2
-2
-3
-5
-4
-2
-3
2
-1
1
0
1
3
1
3
5
5
6
8
7
8
12
13
12
14
12
10
4
5
8
10
9
7
3
2
8
5
9
5
1
3
-2
-1
0
-1
2
-3
-7
-7
-10
-12
-14
-13
-13
-11
-13
-13
-7
-8
-5
-5
-6
-5
-6
-1
-2
-2
-2
-3
-5
-8
-6
-11
-10
-9
-7
-6
-11
-6
-8
-6
-4
-6
-1
-5
-7
-8
-6
-5
-8
-6
-9
-7
-8
-5
-5
-6
-8
-5
-3
-3
0
3
2
0
0
1
5
6
9
9
12
12
10
11
11
12
9
6
2
1
-2
-2
-5
-7
-7
-9
-8
-7
-5
-6
-9
-8
-6
-6
-6
1
0
-1
-1
-3
0
-1
0
-2
-3
-6
-7
-6
-10
-7
-8
-8
-10
-10
-9
-10
-8
-11
-9
-11
-10
-8
-10
-8
-7
-5
-3
0
0
-3
1
-2
-1
-5
-8
-10
-12
-9
-15
-11
-16
-15
-11
-15
-10
-10
-10
-8
-8
-7
-8
-4
-5
-6
-4
-6
-4
-8
-5
-5
-6
-5
-7
-6
-6
-2
-1
-1
-3
-6
-3
-5
-3
-4
0
1
0
3
2
2
4
5
4
4
7
5
6
8
9
12
13
11
8
8
9
10
10
9
9
8
8
4
4
4
1
3
2
1
3
3
7
7
7
10
11
15
13
17
17
17
16
12
13
11
13
8
9
6
5
7
3
9
7
9
8
6
5
3
4
0
0
0
-4
-2
-5
-5
-4
-5
-4
-10
-11
-10
-9
-8
-9
-6
-4
-7
-6
-4
-1
-3
-2
4
1
-1
-4
-4
-4
-7
-5
-7
-2
-3
-5
-3
2
2
1
6
7
6
8
13
13
9
7
7
4
4
-1
-5
-3
-2
-3
-5
-3
-1
1
2
1
-2
-2
-5
-4
3
0
0
-1
-1
0
-2
-5
-2
-1
-7
-5
-6
-7
-8
-8
-5
-6
-6
-8
-7
-7
-7
-6
-7
-6
-6
-3
-5
-7
-5
-7
-5
-2
-3
-4
2
-1
1
-1
-3
3
3
8
7
4
4
2
2
5
3
-1
8
7
4
7
7
11
12
13
17
15
10
10
9
4
8
8
6
8
3
7
3
1
4
0
1
-5
-7
-8
-10
-13
-15
-13
-16
-11
-10
-10
-7
-9
-8
-10
-10
-13
-12
-10
-11
-12
-10
-12
-13
-10
-8
-7
-7
-6
-3
-1
3
3
4
5
2
5
3
0
1
1
0
-4
-6
-8
-6
-8
-13
-14
-14
-12
-13
-11
-11
-12
-10
-10
-8
-7
-7
-6
-5
-9
-7
-1
-2
3
3
5
4
2
0
-5
-5
-6
-5
-7
-6
-5
-7
-8
-3
-2
-2
-1
-1
1
2
3
5
4
6
6
4
2
1
2
-1
-3
-5
-7
-6
-7
-9
-8
-5
-7
-5
-1
-6
-1
-3
-7
-6
-7
-3
-6
-4
-4
-3
-5
-4
-1
-4
-3
-5
-3
-2
-5
1
-3
-3
-1
-1
2
-6
-1
-3
-3
-2
-2
-3
-3
-2
-3
0
-1
-1
-2
-4
0
1
4
3
4
8
3
2
2
-2
-5
-5
-2
-4
-3
-5
-5
1
-5
-7
-8
-9
-10
-8
-8
-10
-4
-2
-3
-2
-1
0
2
3
3
0
0
-1
1
2
5
4
5
7
5
5
3
4
4
-2
-3
-1
-7
-4
-3
1
1
-2
-2
-4
-3
1
-1
-1
1
-4
-6
-3
-6
-6
-7
-9
-11
-8
-4
-3
-7
-5
-5
-8
-7
-6
-7
-7
-3
-4
-5
-10
-8
-7
-9
-4
-6
-4
0
0
3
2
9
11
9
6
5
8
6
5
5
2
1
0
-2
-1
-4
-5
-6
-4
-2
-4
-7
-6
-6
-3
-4
-6
-5
-6
-1
-7
0
7
5
9
4
6
6
7
7
7
12
10
11
12
10
10
10
10
11
9
12
8
11
13
11
15
16
14
15
15
14
16
16
15
16
18
22
17
20
21
14
13
11
14
15
9
12
11
12
12
13
13
14
14
14
14
10
12
12
9
7
7
8
6
9
8
6
3
1
3
1
0
0
3
2
2
2
1
1
-1
0
2
0
1
1
0
-1
-3
2
4
3
0
0
2
4
3
2
3
-3
-5
-6
-7
-7
-6
-6
-7
-6
-7
-5
1
1
-2
2
3
3
3
6
9
8
5
2
5
4
-3
-3
-7
-11
-4
-6
-9
-8
-8
-9
-11
-9
-7
-5
-6
-3
-4
-4
-2
0
0
-6
-4
-2
-4
-5
-9
-11
-12
-16
-12
-11
-11
-11
-14
-10
-10
-7
-5
-6
-2
-4
-2
0
1
1
0
0
-5
-5
-5
-8
-5
-5
-6
-6
-4
-5
-5
-7
-8
-11
-9
-6
-8
-5
-11
-15
-17
-17
-16
-15
-13
-14
-12
-15
-15
-17
-17
-14
-12
-7
-6
-8
-4
-2
-3
2
3
-6
-5
-6
-7
-9
-12
-10
-15
-15
-13
-14
-11
-12
-7
-3
-7
-6
-2
-3
2
4
5
8
5
4
4
-2
-2
-1
1
-1
-2
0
0
-2
2
0
-2
5
7
4
4
3
5
4
2
0
0
-3
-8
-11
-14
-13
-17
-15
-16
-20
-17
-20
-14
-14
-11
-11
-8
-2
-6
-1
1
1
4
2
0
1
-3
-5
-9
-12
-7
-9
-13
-15
-14
-11
-10
-7
-8
-2
3
0
2
3
4
8
9
8
9
7
5
9
10
9
9
6
8
6
4
3
2
4
5
8
8
11
13
12
13
9
9
6
3
6
1
1
3
-3
1
-1
0
1
-1
5
5
7
10
13
9
14
15
14
14
16
19
12
16
12
10
11
6
7
0
3
3
5
6
5
8
9
9
7
11
14
15
13
16
17
12
11
13
11
6
3
3
5
6
8
6
6
10
13
15
13
12
14
15
16
17
22
28
26
28
24
24
25
25
27
23
26
22
20
23
19
22
20
19
18
18
23
19
18
16
15
20
14
16
17
19
18
12
15
11
12
11
12
11
5
6
2
0
-2
-7
-7
-8
-11
-12
-14
-13
-15
-12
-15
-15
-13
-14
-11
-12
-10
-11
-10
-12
-10
-7
-5
-5
-5
-4
-6
-6
-2
-1
-1
0
4
3
4
6
7
5
4
4
4
4
4
4
4
2
0
-2
-3
-3
-5
-1
2
3
6
5
9
9
10
12
11
9
4
0
-5
-8
-9
-12
-14
-15
-17
-21
-18
-22
-21
-23
-25
-28
-31
-28
-31
-32
-37
-40
-40
-44
-44
-43
-41
-41
-44
-40
-42
-43
-39
-45
-42
-46
-46
-49
-53
-56
-56
-50
-54
-54
-53
-51
-55
-57
-56
-61
-61
-66
-66
-66
-60
-53
-47
-38
-33
-27
-22
-16
-12
-8
-6
-6
-5
-7
-9
-14
-21
-23
-23
-21
-13
-5
-3
9
22
33
38
38
42
43
35
31
29
19
10
2
2
5
9
19
34
44
49
60
75
81
85
93
103
110
111
122
135
147
159
177
198
215
231
241
247
236
221
191
153
112
76
44
11
-4
-4
0
-1
15
41
64
76
79
83
64
24
-27
-93
-193
-319
-461
-602
-752
-897
-1025
-1129
-1211
-1270
-1303
-1320
-1312
-1294
-1266
-1228
-1187
-1130
-1054
-948
-797
-578
-250
173
632
1092
1552
2008
2408
2702
2894
2994
2948
2753
2453
2123
1736
1271
791
347
-58
-454
-782
-1017
-1192
-1358
-1479
-1526
-1525
-1527
-1522
-1492
-1458
-1417
-1365
-1248
-1097
-919
-725
-481
-199
112
441
774
1078
1314
1498
1608
1666
1628
1509
1318
1082
803
525
277
39
-185
-395
-538
-636
-690
-717
-694
-639
-584
-557
-550
-519
-477
-443
-425
-353
-238
-92
64
287
558
804
1002
1195
1403
1537
1602
1639
1673
1594
1428
1243
1073
848
557
276
3
-282
-569
-778
-970
-1172
-1383
-1552
-1722
-1896
-2022
-2104
-2198
-2297
-2311
-2269
-2189
-2081
-1875
-1660
-1486
-1321
-1099
-892
-759
-653
-560
-471
-317
82
625
1179
1713
2338
2955
3440
3822
4176
4376
4243
3919
3527
3076
2447
1749
1050
343
-399
-1043
-1497
-1831
-2104
-2324
-2427
-2446
-2348
-2200
-2016
-1865
-1720
-1598
-1470
-1276
-1028
-771
-574
-336
-57
297
665
1101
1509
1815
2009
2150
2239
2185
2022
1728
1339
833
350
-84
-485
-893
-1235
-1477
-1645
-1707
-1646
-1446
-1258
-1110
-1008
-837
-626
-431
-307
-201
-57
79
228
453
817
1144
1394
1636
1971
2261
2446
2609
2748
2726
2492
2226
1967
1638
1136
627
130
-355
-790
-1117
-1360
-1619
-1823
-1957
-2046
-2126
-2128
-2141
-2233
-2367
-2391
-2367
-2386
-2395
-2338
-2233
-2189
-2057
-1844
-1614
-1481
-1365
-1225
-1076
-930
-805
-689
-520
-107
495
1177
1801
2500
3202
3787
4229
4592
4842
4792
4489
4038
3521
2860
2120
1300
473
-355
-1051
-1612
-2064
-2352
-2537
-2642
-2735
-2654
-2430
-2201
-2063
-1897
-1704
-1545
-1415
-1195
-896
-679
-485
-240
130
502
911
1322
1670
1901
2053
2162
2172
2064
1823
1455
958
472
39
-378
-826
-1216
-1483
-1664
-1722
-1628
-1449
-1286
-1121
-879
-601
-377
-160
90
284
380
479
677
890
1062
1260
1492
1710
1905
2183
2500
2700
2741
2726
2648
2462
2157
1817
1405
851
270
-271
-717
-1149
-1535
-1864
-2152
-2384
-2483
-2517
-2521
-2528
-2494
-2443
-2442
-2348
-2203
-2048
-2048
-2056
-2006
-1935
-1956
-2004
-2072
-2196
-2348
-2367
-2108
-1799
-1522
-1348
-1003
-389
547
1634
2627
3416
4143
4869
5504
5899
6058
6062
5677
4992
4166
3506
2797
1841
747
-180
-925
-1574
-2152
-2490
-2707
-3033
-3336
-3480
-3265
-3084
-2988
-2997
-2900
-2743
-2502
-2184
-1708
-1241
-875
-516
-97
585
1156
1719
2037
2333
2469
2533
2556
2493
2244
1736
1169
610
227
-210
-528
-979
-1295
-1548
-1560
-1443
-1336
-1161
-1035
-881
-789
-531
-231
25
46
127
273
509
700
934
1302
1635
1984
2295
2676
3020
3255
3304
3177
2914
2649
2262
1779
1189
591
-27
-707
-1267
-1626
-1882
-2153
-2424
-2543
-2527
-2513
-2443
-2393
-2269
-2245
-2243
-2238
-2165
-2071
-2065
-2176
-2250
-2251
-2272
-2361
-2504
-2494
-2575
-2642
-2628
-2257
-1766
-1408
-1228
-953
-250
933
2245
3173
3891
4730
5849
6505
6732
6907
7174
6824
5739
4799
4348
3673
2201
693
-290
-1020
-2121
-3007
-3408
-3590
-4123
-4647
-4576
-4119
-3735
-3651
-3500
-3196
-2774
-2442
-1995
-1489
-940
-640
-406
79
801
1491
1886
2243
2590
2867
2972
3134
3172
2935
2316
1687
1140
617
133
-404
-966
-1597
-1936
-1996
-1931
-1891
-1690
-1457
-1288
-1100
-634
-70
153
213
344
649
848
1064
1413
1757
1911
2075
2423
2874
3196
3339
3354
3176
2987
2778
2497
1966
1311
655
-68
-837
-1389
-1750
-2140
-2686
-3109
-3176
-3157
-3095
-3051
-2878
-2740
-2664
-2532
-2294
-2037
-1898
-1943
-2026
-2017
-1997
-2038
-2283
-2444
-2606
-2742
-2854
-2798
-2586
-2417
-2243
-1926
-1334
-362
1063
2506
3642
4495
5711
7012
7783
7944
8064
8158
7546
6355
5358
4692
3487
1709
56
-901
-1834
-2928
-3815
-4216
-4478
-4897
-5050
-4764
-4217
-3945
-3853
-3743
-3326
-2906
-2559
-2273
-1873
-1426
-1163
-757
-64
865
1545
2044
2586
3197
3612
3873
4026
3919
3410
2700
2106
1475
739
-32
-749
-1479
-2106
-2352
-2262
-2234
-2243
-2088
-1674
-1268
-901
-424
22
223
249
370
640
922
1139
1391
1596
1897
2282
2771
3205
3514
3727
3727
3595
3473
3324
2901
2143
1317
617
-169
-998
-1683
-2167
-2673
-3267
-3602
-3560
-3449
-3390
-3362
-3122
-2859
-2668
-2437
-2204
-1934
-1878
-1904
-1921
-1861
-1859
-1973
-2206
-2290
-2376
-2489
-2652
-2723
-2574
-2594
-2608
-2578
-2049
-1164
-49
1153
2394
3615
4852
6062
7157
7943
8266
8337
8007
7507
6674
5737
4531
3041
1454
39
-1116
-2127
-3096
-3874
-4406
-4775
-4838
-4758
-4366
-4153
-3987
-3885
-3626
-3271
-2963
-2720
-2520
-2314
-2074
-1649
-1117
-324
331
1072
1652
2406
3120
3713
4080
4099
3936
3476
2997
2379
1761
883
12
-899
-1514
-1953
-2146
-2188
-2225
-2097
-1877
-1331
-814
-316
-6
291
453
601
752
961
1081
1059
1092
1254
1619
1969
2382
2704
3004
3213
3463
3635
3635
3366
2913
2353
1697
983
232
-515
-1322
-2058
-2678
-3016
-3224
-3328
-3462
-3472
-3311
-3016
-2726
-2506
-2269
-2086
-2013
-2050
-2003
-1964
-2030
-2339
-2600
-2774
-2840
-2953
-3061
-3095
-3147
-3126
-3024
-2728
-2403
-2125
-1778
-972
392
2061
3377
4501
5770
7282
8507
8997
9320
9535
9333
8351
7109
6151
5017
3209
1235
-362
-1473
-2768
-4044
-4830
-5323
-5659
-6047
-5940
-5492
-5061
-4829
-4619
-4291
-3773
-3377
-3006
-2689
-2375
-1944
-1611
-960
-223
701
1442
2151
2911
3698
4343
4734
4870
4655
4251
3575
2943
2051
1183
149
-847
-1747
-2379
-2630
-2815
-2863
-2821
-2433
-1952
-1355
-798
-173
278
620
897
1154
1402
1510
1607
1598
1700
1907
2267
2569
2866
3146
3457
3660
3799
3876
3748
3379
2797
2192
1495
665
-265
-1095
-1948
-2669
-3330
-3688
-3919
-4103
-4164
-4120
-3802
-3472
-3145
-2903
-2598
-2303
-2057
-1969
-1854
-1765
-1818
-2004
-2217
-2247
-2284
-2354
-2435
-2436
-2431
-2359
-2264
-2077
-1904
-1655
-1138
-294
1018
2441
3709
4777
5912
7291
8366
8799
8953
8970
8680
7750
6622
5708
4501
2814
944
-497
-1631
-2888
-4015
-4826
-5382
-5802
-6020
-5862
-5495
-5222
-4938
-4704
-4337
-3816
-3344
-2900
-2694
-2302
-1859
-1349
-726
23
866
1535
2189
2871
3618
4116
4447
4430
4200
3701
3167
2552
1699
789
-224
-1055
-1913
-2418
-2682
-2728
-2767
-2686
-2276
-1688
-1009
-406
172
594
981
1229
1493
1620
1704
1694
1613
1647
1838
2163
2423
2621
2946
3303
3558
3745
3778
3759
3352
2829
2222
1555
696
-363
-1404
-2346
-3188
-3887
-4361
-4738
-4870
-4990
-4746
-4390
-3841
-3338
-2960
-2498
-2108
-1689
-1526
-1437
-1459
-1535
-1762
-1950
-2068
-2068
-2114
-2142
-2060
-1933
-1680
-1553
-1413
-1341
-1151
-756
-29
1114
2346
3360
4245
5298
6663
7662
8103
8375
8488
8350
7576
6769
6017
4856
3212
1438
81
-1126
-2562
-3853
-4887
-5692
-6278
-6646
-6474
-6187
-5929
-5621
-5238
-4581
-3881
-3223
-2667
-2316
-1899
-1524
-1093
-556
15
561
1009
1544
2210
2908
3423
3804
3924
3871
3596
3296
2872
2186
1330
377
-453
-1268
-1825
-2284
-2536
-2742
-2705
-2339
-1745
-1017
-382
261
773
1322
1728
2021
2133
2132
2049
1905
1853
1935
2083
2178
2293
2550
2966
3279
3551
3657
3639
3406
2990
2471
1744
777
-323
-1441
-2455
-3396
-4231
-4811
-5319
-5527
-5591
-5325
-4859
-4305
-3709
-3177
-2563
-2017
-1544
-1313
-1176
-1182
-1237
-1455
-1655
-1785
-1868
-1929
-2010
-1933
-1826
-1577
-1395
-1181
-1024
-770
-300
462
1572
2651
3607
4440
5464
6660
7555
7974
8222
8357
8245
7647
6894
6128
4891
3306
1566
145
-1201
-2738
-4063
-5182
-6024
-6663
-6952
-6771
-6479
-6166
-5707
-5128
-4370
-3657
-2983
-2361
-2009
-1579
-1226
-790
-374
31
503
919
1467
2078
2766
3281
3677
3889
3997
3899
3704
3335
2741
1992
1108
319
-498
-1073
-1574
-1858
-2048
-2027
-1695
-1272
-715
-203
354
813
1189
1500
1728
1806
1805
1699
1618
1579
1603
1773
1900
2105
2371
2727
3054
3255
3361
3307
3046
2603
1983
1208
234
-852
-1916
-2986
-3949
-4767
-5334
-5745
-6003
-5945
-5606
-5093
-4566
-4011
-3368
-2711
-2185
-1737
-1414
-1188
-1144
-1235
-1353
-1501
-1536
-1618
-1708
-1799
-1727
-1526
-1329
-1175
-944
-495
83
1010
2222
3472
4437
5248
6286
7433
8060
8177
8140
8068
7646
6662
5742
4781
3503
1860
228
-971
-2140
-3440
-4515
-5360
-5906
-6345
-6489
-6187
-5874
-5524
-5185
-4672
-3996
-3398
-2869
-2409
-2088
-1725
-1424
-995
-478
-1
504
983
1662
2347
3017
3513
3923
4104
4094
3975
3775
3437
2783
1994
1168
441
-264
-750
-1161
-1413
-1587
-1535
-1221
-834
-366
36
445
754
1047
1290
1443
1445
1415
1355
1322
1355
1508
1719
1890
2057
2332
2705
2942
3101
3071
2981
2648
2170
1586
837
-69
-1053
-2069
-3021
-3843
-4547
-4985
-5510
-5712
-5678
-5297
-4840
-4434
-3873
-3291
-2677
-2229
-1814
-1534
-1324
-1424
-1515
-1683
-1682
-1685
-1831
-1961
-2061
-1838
-1697
-1495
-1355
-991
-563
132
1298
2718
3885
4676
5578
6810
7861
8201
8334
8302
8156
7380
6472
5725
4689
3211
1522
122
-954
-2262
-3462
-4428
-5315
-5900
-6420
-6344
-6203
-6023
-5849
-5508
-5047
-4416
-3892
-3339
-2951
-2710
-2232
-1916
-1169
-750
-112
338
1035
1761
2515
3260
3790
4297
4325
4526
4446
4508
4002
3424
2601
1889
1094
378
-136
-766
-1077
-1498
-1295
-1185
-817
-555
-222
93
439
792
1040
1119
1068
1175
1090
1178
1124
1359
1436
1512
1676
2063
2425
2655
2747
2787
2774
2538
2311
1760
1166
277
-546
-1493
-2387
-3233
-3923
-4554
-5161
-5497
-5594
-5339
-5121
-4733
-4339
-3780
-3210
-2621
-2140
-1738
-1425
-1264
-1122
-1139
-1036
-1016
-1044
-1081
-1166
-1095
-1002
-871
-722
-644
-453
-125
625
1856
2976
3799
4491
5384
6700
7421
7672
7741
7651
7402
6506
5728
4983
3787
2225
529
-684
-1688
-3035
-4064
-5010
-5674
-6114
-6368
-6053
-5771
-5502
-5180
-4764
-4153
-3480
-2984
-2463
-2356
-2086
-1819
-1422
-971
-658
-181
181
861
1436
2300
2897
3525
3836
4011
4197
4242
4224
3715
3112
2305
1707
824
290
-403
-879
-1362
-1743
-1535
-1319
-821
-672
-325
61
641
1053
1303
1338
1437
1487
1422
1457
1420
1554
1431
1419
1505
1889
2094
2220
2188
2201
2154
2003
1814
1370
834
19
-674
-1447
-2082
-2876
-3450
-4113
-4587
-4901
-4942
-4624
-4505
-4130
-3860
-3171
-2572
-1988
-1555
-1195
-980
-896
-835
-881
-839
-1029
-1042
-1229
-1261
-1294
-1244
-1163
-1207
-1167
-993
-565
199
1499
2660
3534
4151
5195
6729
7587
7735
7704
7764
7600
6754
5894
5266
4003
2323
612
-512
-1357
-2853
-3968
-4921
-5586
-6018
-6284
-5958
-5729
-5638
-5397
-4933
-4376
-3651
-3320
-2801
-2751
-2521
-2100
-1754
-1175
-950
-398
-27
775
1455
2374
2963
3528
3901
4047
4366
4339
4385
3724
3112
2239
1687
864
264
-405
-1107
-1582
-2028
-1746
-1599
-1198
-1045
-675
-287
279
720
1075
1138
1115
1253
1249
1409
1341
1430
1357
1403
1532
1947
2180
2363
2393
2457
2518
2367
2276
1813
1188
305
-423
-1180
-1860
-2810
-3450
-4093
-4538
-4695
-4766
-4384
-4253
-3817
-3418
-2755
-2128
-1522
-1107
-840
-700
-587
-438
-561
-595
-858
-835
-986
-1004
-1076
-1067
-1029
-1095
-1054
-1078
-759
-465
152
1030
2008
2907
3725
4634
5916
6666
7023
7162
7244
7346
6639
5937
5077
3952
2575
991
-295
-1374
-2881
-3971
-5075
-5731
-6084
-6441
-6114
-6020
-5632
-5215
-4629
-3962
-3306
-2872
-2315
-2139
-1814
-1532
-1332
-908
-816
-324
-44
609
1118
1819
2310
2917
3375
3668
3923
3927
3990
3583
3129
2378
1859
977
316
-566
-1158
-1709
-2174
-2215
-2285
-1916
-1678
-1198
-771
-169
364
958
1181
1483
1667
1840
1968
1859
1977
1904
1964
1957
2119
2234
2351
2297
2338
2244
2120
1870
1404
852
146
-474
-1214
-1908
-2670
-3229
-3765
-4097
-4246
-4216
-4045
-3831
-3457
-2969
-2417
-1881
-1372
-1011
-717
-552
-383
-303
-383
-446
-609
-701
-761
-867
-913
-1065
-1108
-1136
-1191
-1330
-1336
-1162
-807
-145
814
1808
2681
3573
4713
5971
6638
7078
7321
7536
7317
6614
5933
4976
3658
2182
661
-536
-1921
-3349
-4332
-5287
-5752
-6166
-6110
-5815
-5517
-5127
-4513
-3952
-3249
-2761
-2345
-1882
-1865
-1477
-1486
-1134
-1056
-795
-517
-91
485
1042
1796
2312
3101
3425
3949
4070
4294
4096
3746
3102
2362
1602
567
-166
-1254
-1857
-2662
-2990
-3120
-3039
-2705
-2215
-1638
-910
-140
557
1329
1613
2082
2199
2425
2480
2372
2318
2176
2080
2116
2080
2141
2235
2125
2184
1889
1843
1533
1054
424
-306
-890
-1553
-2284
-2906
-3350
-3790
-3911
-4095
-3768
-3580
-3256
-2776
-2272
-1568
-1139
-624
-300
-14
-13
63
5
-9
-200
-467
-627
-776
-705
-810
-878
-1111
-1116
-1252
-1315
-1593
-1758
-1696
-1586
-873
-86
788
1617
2486
3752
5042
5717
6477
6886
7277
7244
6657
6393
5492
4271
2878
1345
231
-1217
-2663
-3520
-4607
-5142
-5617
-5649
-5203
-5077
-4680
-4122
-3645
-2918
-2532
-2158
-1757
-1930
-1667
-1788
-1570
-1479
-1350
-1101
-677
-99
597
1431
2032
2935
3263
3915
4129
4418
4271
3816
3139
2386
1561
553
-234
-1390
-1984
-2904
-3144
-3325
-3209
-2848
-2415
-1751
-1072
-233
559
1303
1689
2202
2345
2694
2721
2797
2739
2514
2348
2245
2255
2129
1947
1726
1605
1333
1144
808
499
-71
-569
-1083
-1432
-1854
-2280
-2536
-2822
-2896
-2928
-2738
-2515
-2342
-2175
-1858
-1547
-1119
-901
-616
-445
-372
-292
-282
-192
-152
-209
-322
-468
-551
-516
-707
-881
-1360
-1606
-1880
-2157
-2509
-2858
-2923
-2698
-1913
-908
231
1209
2350
3705
5223
6263
7050
7584
7935
7927
7415
6906
5956
4697
3131
1599
325
-1102
-2409
-3403
-4281
-4868
-5313
-5216
-4849
-4595
-4285
-3836
-3318
-2756
-2453
-2125
-1936
-2052
-2013
-2129
-1875
-1805
-1582
-1287
-828
-145
608
1455
2188
2917
3371
3835
4020
4200
3939
3459
2657
1815
994
70
-695
-1615
-2279
-2892
-3120
-3102
-2915
-2631
-2202
-1685
-976
-197
540
1204
1606
2054
2376
2670
2823
2891
2877
2709
2462
2333
2208
2043
1777
1465
1264
972
778
526
256
-90
-488
-767
-1028
-1269
-1472
-1647
-1817
-1928
-1995
-1894
-1858
-1825
-1807
-1788
-1613
-1491
-1254
-1117
-979
-800
-629
-456
-390
-338
-295
-315
-412
-569
-812
-997
-1338
-1699
-2211
-2658
-2919
-3216
-3431
-3654
-3523
-3074
-2334
-1160
151
1438
2732
4074
5647
6805
7515
8071
8346
8357
7774
7053
6273
5025
3560
2021
697
-502
-1876
-2868
-3658
-4270
-4632
-4732
-4431
-4179
-3991
-3631
-3229
-2790
-2458
-2247
-1996
-2032
-1960
-1939
-1791
-1631
-1500
-1213
-904
-371
178
815
1318
1822
2202
2549
2696
2799
2721
2437
2009
1406
934
307
-182
-803
-1292
-1724
-1997
-2046
-2033
-1925
-1789
-1541
-1165
-554
61
657
1042
1494
1943
2395
2687
2807
2825
2685
2521
2312
2115
1768
1427
1129
880
628
467
343
280
67
-87
-130
-214
-285
-512
-599
-797
-1010
-1137
-1245
-1401
-1591
-1761
-1715
-1692
-1711
-1579
-1465
-1187
-1065
-843
-609
-503
-468
-568
-679
-818
-1047
-1322
-1651
-1999
-2184
-2380
-2522
-2746
-2853
-2787
-2641
-2476
-2313
-1984
-1425
-532
570
1617
2529
3471
4516
5668
6386
6831
7047
7170
7081
6598
6048
5279
4297
3101
1903
831
-162
-1308
-2179
-3025
-3588
-3970
-4148
-3966
-3957
-3790
-3567
-3125
-2688
-2302
-2061
-1755
-1713
-1596
-1526
-1420
-1277
-1390
-1268
-1271
-955
-721
-305
-1
358
673
1042
1438
1744
2039
2049
2084
1841
1779
1443
1223
720
270
-187
-597
-759
-1010
-1063
-1233
-1167
-1085
-715
-333
140
444
817
1146
1545
1935
2120
2297
2132
2048
1916
1903
1751
1505
1182
979
768
709
610
526
347
109
70
-24
-12
-186
-267
-476
-629
-831
-885
-1017
-1212
-1453
-1585
-1585
-1643
-1629
-1773
-1709
-1790
-1686
-1678
-1621
-1605
-1655
-1680
-1723
-1653
-1583
-1510
-1565
-1509
-1491
-1300
-1258
-1224
-1215
-1157
-1072
-1067
-1070
-1081
-904
-488
261
963
1666
2336
3223
4242
5012
5482
5873
6161
6273
6083
5682
5284
4460
3526
2485
1498
587
-529
-1382
-2132
-2795
-3238
-3460
-3381
-3260
-3253
-3008
-2689
-2425
-2109
-2063
-1816
-1889
-1992
-2078
-2243
-2270
-2444
-2450
-2481
-2276
-2006
-1455
-1016
-427
130
741
1393
1876
2463
2717
2920
2748
2699
2381
2123
1641
1099
606
-5
-281
-626
-778
-1007
-1104
-1165
-978
-849
-539
-354
-121
239
492
900
1079
1353
1492
1552
1540
1633
1635
1671
1508
1442
1407
1339
1346
1200
1138
958
882
691
592
315
137
-168
-486
-746
-1044
-1248
-1595
-1806
-2093
-2194
-2403
-2350
-2411
-2415
-2383
-2286
-1934
-1837
-1564
-1424
-1107
-938
-775
-618
-430
-323
-356
-348
-421
-301
-371
-378
-680
-873
-1017
-1138
-1320
-1708
-1853
-1946
-1651
-1085
-371
318
979
1813
3024
3987
4774
5401
5942
6362
6297
6231
6018
5432
4555
3541
2602
1783
589
-214
-1129
-1863
-2483
-2937
-2898
-3040
-3096
-3152
-2941
-2862
-2586
-2624
-2426
-2614
-2807
-2906
-3084
-2988
-3217
-3065
-3091
-2679
-2413
-1729
-1194
-489
186
725
1514
2016
2745
3013
3285
3172
3190
2925
2799
2359
1846
1329
693
435
-68
-327
-742
-943
-1174
-1192
-1239
-1066
-1065
-1015
-867
-713
-362
-175
143
310
579
757
1166
1377
1684
1813
2004
2192
2228
2346
2322
2287
2031
1803
1419
1158
624
262
-236
-707
-1111
-1514
-1646
-1893
-2011
-2128
-2060
-2010
-1837
-1726
-1486
-1336
-1215
-1042
-924
-713
-667
-578
-568
-530
-525
-513
-529
-564
-568
-600
-608
-709
-777
-770
-812
-906
-1146
-1350
-1483
-1687
-1921
-2239
-2438
-2376
-1999
-1264
-524
200
1102
2178
3483
4481
5294
6054
6598
7012
7080
7024
6787
6034
5170
4169
3199
2206
961
-30
-1085
-2021
-2711
-3180
-3422
-3670
-3991
-3945
-3873
-3687
-3487
-3453
-3208
-3341
-3242
-3288
-3203
-3178
-3153
-3047
-2855
-2471
-2051
-1385
-914
-177
382
1198
1865
2605
3156
3568
3819
3854
3979
3702
3560
2946
2483
1772
1126
547
-2
-510
-1041
-1467
-1777
-1829
-1997
-1885
-2025
-1885
-1813
-1582
-1267
-1000
-702
-446
-93
281
765
1121
1579
1822
2167
2374
2677
2841
2909
2778
2599
2409
2049
1716
1138
722
112
-375
-861
-1177
-1499
-1740
-1942
-1981
-1906
-1893
-1681
-1648
-1442
-1460
-1334
-1248
-1195
-1227
-1302
-1317
-1353
-1326
-1352
-1207
-1153
-977
-832
-570
-324
-68
77
148
136
87
64
-180
-489
-929
-1275
-1666
-2081
-2506
-2787
-2939
-2711
-2140
-1280
-358
581
1810
3162
4521
5543
6478
7210
7703
7810
7686
7322
6592
5506
4290
3045
1738
402
-903
-1937
-2975
-3754
-4288
-4483
-4534
-4539
-4401
-4068
-3759
-3379
-3074
-2816
-2669
-2772
-2726
-2847
-2848
-3011
-3021
-2987
-2767
-2433
-1862
-1156
-420
469
1273
2309
3111
4006
4562
5019
5081
5007
4744
4294
3734
2800
1976
949
170
-667
-1332
-1932
-2397
-2776
-2928
-2933
-2814
-2649
-2559
-2263
-2019
-1598
-1246
-834
-478
-164
153
595
1025
1482
1828
2191
2553
2834
3152
3301
3392
3202
3013
2693
2382
1895
1345
748
119
-459
-963
-1339
-1706
-2008
-2302
-2366
-2405
-2293
-2191
-2048
-1905
-1803
-1628
-1419
-1259
-1112
-1087
-992
-859
-718
-484
-386
-173
-66
162
323
524
641
721
719
644
492
251
81
-249
-528
-1077
-1373
-1724
-1926
-2206
-2536
-2618
-2623
-2163
-1511
-656
112
964
1917
3126
4100
4911
5518
5908
6190
6074
5986
5622
4976
4108
3131
2218
1308
280
-561
-1458
-2253
-2881
-3288
-3383
-3571
-3699
-3764
-3667
-3562
-3340
-3217
-3044
-3099
-3121
-3046
-2954
-2751
-2679
-2400
-2202
-1705
-1211
-423
278
958
1670
2286
3046
3563
4109
4318
4443
4247
4082
3685
3235
2622
1802
1110
227
-330
-975
-1453
-1934
-2347
-2605
-2694
-2666
-2541
-2441
-2350
-2120
-1927
-1546
-1269
-922
-630
-383
-59
284
671
1074
1412
1805
2135
2492
2848
3110
3315
3276
3229
3012
2774
2385
1926
1353
678
7
-589
-1100
-1592
-1995
-2359
-2511
-2645
-2552
-2386
-2161
-1895
-1677
-1337
-1004
-708
-426
-225
-24
127
223
371
451
521
529
529
564
604
590
583
484
419
270
79
-148
-468
-721
-1069
-1383
-1830
-2240
-2611
-2895
-3220
-3579
-3875
-3996
-3757
-3240
-2404
-1525
-553
554
1859
3240
4422
5373
6156
6740
7111
7244
7133
6720
5936
4939
3913
2814
1694
502
-636
-1657
-2620
-3236
-3671
-3877
-4091
-4185
-4113
-3900
-3612
-3308
-3019
-2878
-2757
-2735
-2558
-2484
-2349
-2258
-2090
-1801
-1397
-796
-139
606
1292
2062
2740
3455
4021
4449
4601
4507
4244
3845
3321
2625
1820
887
34
-779
-1378
-1926
-2355
-2700
-2892
-2923
-2774
-2520
-2261
-2019
-1827
-1520
-1277
-999
-839
-681
-547
-384
-153
166
519
892
1352
1828
2435
2955
3495
3882
4136
4242
4185
3976
3581
3023
2327
1548
677
-104
-906
-1580
-2208
-2671
-2928
-3042
-2975
-2790
-2477
-2120
-1686
-1270
-797
-455
-158
8
107
140
88
20
-130
-263
-441
-495
-583
-563
-590
-539
-485
-430
-333
-283
-216
-285
-373
-614
-810
-1135
-1408
-1796
-2181
-2550
-2874
-3047
-3284
-3406
-3537
-3375
-2981
-2263
-1359
-336
709
1888
3129
4377
5454
6219
6867
7196
7394
7284
6945
6364
5464
4390
3292
2106
1009
-194
-1309
-2291
-3194
-3755
-4183
-4426
-4623
-4746
-4715
-4482
-4279
-3910
-3724
-3480
-3287
-3095
-2725
-2451
-2074
-1779
-1352
-911
-255
364
1141
1746
2340
2892
3346
3831
4071
4240
4099
3888
3445
3055
2458
1882
1166
418
-206
-794
-1162
-1538
-1817
-2063
-2136
-2179
-2021
-1926
-1700
-1551
-1398
-1132
-904
-570
-315
-29
275
606
935
1365
1720
2165
2489
2819
3153
3412
3651
3680
3573
3311
2940
2453
1886
1142
399
-450
-1198
-1859
-2439
-2878
-3258
-3428
-3488
-3367
-3138
-2780
-2402
-1982
-1582
-1137
-695
-350
-26
186
405
534
675
770
832
841
817
801
767
780
691
633
440
271
75
-178
-449
-826
-1185
-1570
-1943
-2263
-2506
-2770
-2925
-3099
-3106
-3062
-2967
-2788
-2709
-2518
-2294
-1867
-1254
-535
299
1175
2031
2978
3887
4810
5492
5921
6243
6357
6358
6079
5578
4871
3919
2868
1818
721
-314
-1467
-2443
-3329
-4021
-4449
-4750
-4859
-4951
-4880
-4667
-4309
-3919
-3443
-3098
-2680
-2394
-1980
-1578
-1213
-815
-511
-41
348
947
1466
2064
2522
3023
3441
3847
4137
4316
4400
4231
4047
3620
3318
2734
2200
1495
830
187
-404
-849
-1298
-1639
-1953
-2068
-2168
-2052
-2017
-1800
-1697
-1496
-1279
-1044
-754
-553
-256
-11
259
494
819
1076
1422
1617
1902
2104
2303
2439
2454
2392
2183
1916
1545
1156
621
168
-430
-884
-1365
-1704
-1968
-2151
-2223
-2190
-2053
-1869
-1554
-1300
-892
-635
-263
11
283
485
616
679
689
663
607
573
407
349
126
50
-92
-174
-281
-429
-575
-743
-903
-1109
-1273
-1530
-1714
-2024
-2202
-2402
-2538
-2665
-2769
-2818
-2844
-2778
-2737
-2626
-2584
-2390
-2057
-1482
-749
99
979
1905
2853
3820
4766
5445
5978
6211
6307
6184
5812
5274
4473
3469
2375
1220
118
-946
-2047
-2941
-3803
-4383
-4759
-4943
-4909
-4850
-4614
-4281
-3857
-3365
-2846
-2423
-1955
-1629
-1192
-777
-380
61
420
898
1333
1903
2444
3007
3421
3831
4108
4338
4458
4418
4283
3894
3440
2826
2249
1525
851
68
-607
-1244
-1770
-2118
-2434
-2584
-2696
-2622
-2464
-2175
-1912
-1564
-1319
-978
-676
-367
-67
115
360
555
817
1062
1310
1510
1734
1918
2178
2356
2531
2613
2588
2519
2334
2103
1723
1260
682
93
-531
-1108
-1649
-2115
-2512
-2784
-2916
-2885
-2730
-2468
-2099
-1697
-1190
-682
-152
343
741
1072
1297
1437
1525
1499
1421
1240
1007
761
475
218
-30
-303
-544
-801
-982
-1141
-1315
-1443
-1642
-1762
-1933
-2023
-2118
-2229
-2323
-2414
-2436
-2422
-2397
-2356
-2323
-2326
-2252
-2245
-2080
-1914
-1574
-1059
-492
301
1077
1957
2846
3665
4466
5086
5516
5810
5810
5656
5209
4543
3793
2756
1736
622
-484
-1486
-2489
-3249
-3881
-4317
-4509
-4551
-4395
-4122
-3782
-3288
-2825
-2322
-1819
-1407
-986
-712
-390
-140
121
376
649
953
1255
1604
1973
2358
2686
3011
3233
3439
3486
3525
3378
3153
2788
2356
1925
1352
842
267
-217
-671
-1029
-1319
-1490
-1643
-1641
-1622
-1527
-1389
-1285
-1080
-987
-813
-663
-510
-383
-275
-177
-16
111
334
569
772
1024
1227
1496
1717
1851
1943
1947
1827
1690
1399
1094
640
115
-351
-848
-1246
-1584
-1867
-2000
-2071
-1979
-1707
-1430
-995
-601
-147
310
677
1058
1307
1415
1467
1380
1283
1102
854
611
297
30
-202
-382
-553
-681
-814
-863
-953
-992
-1035
-1089
-1182
-1318
-1462
-1619
-1782
-1995
-2138
-2392
-2511
-2656
-2700
-2705
-2695
-2593
-2459
-2327
-2152
-1942
-1723
-1415
-1164
-711
-250
367
1078
1791
2492
3150
3763
4364
4770
4980
5062
4897
4651
4134
3540
2789
1888
935
-8
-939
-1730
-2492
-3084
-3525
-3874
-3930
-3914
-3692
-3449
-3103
-2671
-2193
-1728
-1226
-815
-424
-90
197
533
774
1070
1305
1580
1836
2162
2463
2764
2997
3204
3375
3445
3448
3343
3161
2854
2446
1938
1441
857
338
-212
-724
-1164
-1526
-1747
-1906
-1996
-1988
-1910
-1769
-1542
-1341
-1040
-838
-627
-444
-282
-113
-17
65
110
172
277
468
632
811
965
1177
1413
1608
1725
1785
1759
1665
1529
1303
1060
696
350
5
-326
-540
-731
-818
-833
-820
-642
-432
-172
108
314
568
739
870
968
911
850
674
446
223
-78
-337
-646
-930
-1154
-1351
-1479
-1600
-1711
-1762
-1808
-1814
-1816
-1831
-1834
-1872
-1883
-1934
-1957
-1986
-1979
-1972
-1957
-1892
-1819
-1699
-1611
-1518
-1408
-1293
-1190
-1107
-1068
-986
-893
-751
-581
-403
-110
271
752
1263
1767
2270
2768
3212
3580
3788
3875
3827
3644
3334
2895
2358
1735
1041
318
-359
-1019
-1571
-2076
-2458
-2727
-2865
-2842
-2723
-2526
-2275
-1961
-1642
-1299
-1001
-687
-429
-205
2
192
406
599
813
1032
1279
1544
1855
2163
2475
2752
2992
3192
3292
3320
3242
3061
2751
2325
1838
1315
758
200
-352
-873
-1308
-1657
-1899
-2061
-2145
-2149
-2079
-1950
-1758
-1543
-1329
-1138
-968
-755
-559
-357
-190
-48
135
348
630
937
1161
1408
1657
1903
2157
2254
2343
2329
2235
2103
1846
1563
1192
765
392
-30
-375
-650
-933
-1075
-1260
-1295
-1258
-1218
-1088
-1024
-899
-783
-720
-620
-609
-639
-683
-791
-847
-976
-1049
-1130
-1199
-1226
-1252
-1216
-1200
-1153
-1105
-1036
-984
-935
-892
-834
-831
-813
-853
-883
-911
-960
-950
-1023
-1030
-1037
-1018
-981
-967
-947
-908
-896
-861
-845
-861
-878
-905
-868
-829
-744
-619
-383
-94
292
726
1171
1625
2049
2474
2827
3062
3181
3182
3058
2839
2464
2053
1510
926
354
-219
-696
-1139
-1492
-1719
-1851
-1852
-1735
-1570
-1305
-1053
-739
-422
-150
113
299
445
539
600
657
707
753
834
942
1105
1311
1556
1818
2085
2322
2554
2722
2801
2812
2702
2519
2218
1842
1425
946
459
-5
-460
-838
-1166
-1407
-1562
-1675
-1700
-1680
-1612
-1517
-1419
-1313
-1219
-1149
-1075
-1024
-981
-929
-852
-714
-532
-340
-77
216
558
928
1248
1588
1853
2066
2215
2234
2178
2013
1746
1447
1038
631
217
-231
-589
-950
-1192
-1372
-1517
-1559
-1571
-1506
-1396
-1311
-1185
-1103
-1037
-974
-991
-989
-1042
-1082
-1126
-1175
-1174
-1149
-1087
-997
-885
-719
-536
-348
-168
-18
130
220
290
278
225
118
-38
-217
-442
-654
-866
-1071
-1238
-1375
-1474
-1537
-1608
-1610
-1621
-1606
-1597
-1620
-1597
-1579
-1499
-1388
-1261
-1056
-787
-419
48
552
1126
1686
2249
2799
3286
3702
3960
4074
4055
3905
3629
3207
2666
2051
1388
747
120
-441
-926
-1314
-1577
-1742
-1769
-1690
-1527
-1320
-1097
-843
-586
-359
-156
-5
125
234
335
446
558
720
902
1114
1364
1627
1926
2205
2429
2619
2734
2794
2743
2590
2350
2001
1594
1119
614
105
-399
-861
-1280
-1633
-1886
-2058
-2150
-2198
-2175
-2088
-1971
-1817
-1672
-1521
-1385
-1259
-1117
-987
-849
-724
-584
-390
-158
138
415
684
969
1244
1540
1741
1853
1896
1821
1689
1446
1122
759
296
-149
-602
-1016
-1335
-1629
-1813
-1925
-1944
-1831
-1691
-1494
-1278
-1050
-781
-579
-389
-231
-135
-58
-50
-46
-52
-85
-95
-126
-124
-82
-33
39
86
157
226
268
259
198
104
-54
-243
-476
-733
-989
-1272
-1526
-1758
-1953
-2067
-2155
-2184
-2169
-2112
-1979
-1853
-1705
-1533
-1372
-1199
-1066
-931
-767
-626
-439
-239
-4
303
623
1024
1455
1902
2393
2811
3206
3540
3777
3948
3934
3798
3560
3194
2751
2202
1600
999
377
-189
-691
-1107
-1405
-1627
-1738
-1741
-1658
-1477
-1258
-1029
-770
-513
-241
-11
182
373
533
678
813
942
1084
1230
1365
1516
1661
1806
1947
2036
2088
2093
2029
1919
1712
1443
1131
744
337
-112
-541
-932
-1319
-1643
-1909
-2101
-2196
-2240
-2214
-2134
-2018
-1840
-1655
-1462
-1267
-1081
-906
-749
-606
-451
-310
-176
-39
107
266
420
581
733
885
1001
1095
1148
1155
1129
1032
897
716
509
306
70
-152
-347
-516
-616
-706
-737
-715
-670
-577
-479
-371
-246
-154
-67
-11
14
40
19
-18
-71
-127
-159
-204
-255
-287
-312
-318
-339
-357
-377
-412
-456
-526
-592
-668
-731
-808
-890
-956
-1000
-992
-974
-932
-870
-794
-687
-569
-444
-315
-234
-160
-112
-86
-75
-128
-206
-289
-382
-455
-528
-588
-598
-561
-437
-262
-44
230
538
889
1259
1633
1978
2263
2482
2646
2751
2762
2674
2498
2254
1975
1648
1311
941
566
232
-74
-313
-517
-674
-780
-857
-872
-828
-748
-641
-544
-438
-297
-160
-16
107
204
300
384
468
556
623
695
759
809
869
918
962
973
949
901
842
741
608
444
242
36
-198
-425
-654
-893
-1094
-1288
-1453
-1575
-1672
-1713
-1741
-1728
-1676
-1600
-1479
-1350
-1193
-1024
-858
-663
-455
-247
-39
144
335
514
687
850
959
1047
1090
1116
1113
1058
971
840
688
517
331
154
-31
-214
-368
-499
-581
-635
-663
-652
-634
-574
-498
-428
-362
-310
-260
-219
-201
-194
-194
-213
-234
-240
-252
-256
-259
-262
-242
-232
-209
-178
-175
-155
-154
-151
-141
-164
-168
-187
-213
-229
-259
-272
-284
-308
-316
-340
-355
-363
-396
-413
-455
-491
-527
-579
-620
-660
-694
-721
-741
-748
-727
-699
-652
-588
-516
-407
-279
-125
49
223
428
650
875
1116
1344
1554
1749
1899
2040
2129
2157
2142
2055
1938
1758
1541
1288
998
704
413
144
-103
-318
-493
-607
-682
-685
-652
-588
-495
-393
-261
-139
-27
64
134
187
223
244
250
242
232
228
227
222
224
226
222
214
190
159
103
26
-65
-173
-299
-431
-568
-700
-828
-938
-1022
-1094
-1134
-1143
-1109
-1038
-942
-811
-657
-492
-294
-104
82
239
366
474
535
571
566
527
460
372
271
169
56
-40
-117
-185
-219
-242
-229
-204
-170
-113
-53
7
64
118
165
192
208
219
214
187
153
118
88
41
-5
-35
-68
-101
-129
-145
-164
-179
-189
-180
-187
-184
-170
-157
-136
-152
-153
-158
-159
-158
-142
-105
-72
-29
14
71
97
123
126
117
87
39
-5
-71
-129
-197
-253
-297
-334
-363
-387
-411
-434
-454
-483
-516
-560
-596
-631
-659
-670
-671
-658
-614
-554
-473
-368
-253
-111
41
197
370
555
750
942
1142
1337
1517
1670
1787
1861
1878
1837
1737
1596
1411
1199
967
734
522
324
173
52
-35
-83
-102
-81
-45
2
50
92
124
147
159
152
123
79
23
-38
-96
-168
-235
-303
-360
-407
-446
-472
-490
-502
-507
-499
-496
-479
-477
-477
-473
-478
-480
-486
-477
-467
-438
-409
-368
-324
-290
-248
-223
-196
-193
-199
-215
-243
-275
-316
-351
-381
-397
-397
-371
-325
-248
-147
-21
118
251
393
514
630
727
796
841
859
852
824
780
705
618
506
399
286
163
61
-47
-146
-230
-304
-362
-406
-446
-468
-476
-475
-454
-441
-409
-381
-338
-283
-228
-166
-117
-62
-15
30
75
127
175
237
289
334
374
366
350
287
201
102
-17
-138
-264
-382
-486
-571
-644
-686
-715
-718
-705
-673
-610
-543
-466
-380
-293
-205
-119
-49
25
83
135
198
247
310
357
403
447
479
517
543
550
545
516
471
422
335
250
148
42
-45
-143
-200
-255
-291
-296
-280
-239
-178
-109
-30
58
127
215
264
305
323
314
306
269
238
191
150
114
92
74
74
78
77
100
98
123
125
130
137
121
111
79
41
-16
-83
-164
-245
-344
-429
-504
-581
-623
-671
-693
-706
-715
-701
-687
-669
-634
-596
-542
-475
-409
-328
-258
-172
-79
6
101
184
272
354
433
513
576
627
682
724
759
791
792
790
767
733
709
658
605
541
465
400
324
248
174
91
15
-55
-125
-183
-242
-295
-328
-356
-368
-371
-361
-336
-309
-274
-240
-214
-188
-173
-162
-161
-170
-178
-184
-184
-173
-160
-139
-112
-89
-64
-55
-49
-48
-60
-68
-88
-111
-142
-178
-206
-242
-282
-318
-346
-370
-369
-360
-341
-307
-266
-192
-112
-14
83
172
260
333
400
439
468
483
484
467
443
400
341
291
219
162
97
36
-18
-68
-100
-135
-142
-137
-106
-61
-1
60
123
187
238
288
313
329
325
307
284
230
171
105
32
-28
-88
-141
-184
-215
-216
-209
-184
-152
-115
-71
-22
18
55
82
86
92
72
43
-7
-75
-140
-215
-273
-341
-391
-429
-454
-460
-453
-430
-396
-343
-290
-220
-161
-92
-29
30
100
147
199
237
278
305
325
337
339
344
345
356
352
359
360
373
392
407
429
436
447
449
447
431
414
385
363
335
300
262
207
160
106
60
13
-40
-92
-141
-186
-227
-266
-302
-324
-346
-347
-355
-360
-365
-371
-360
-351
-333
-317
-289
-262
-229
-202
-185
-169
-176
-175
-198
-217
-247
-280
-304
-338
-358
-384
-396
-400
-387
-370
-337
-301
-253
-190
-131
-59
2
68
137
193
243
279
301
322
329
333
334
319
316
306
298
281
257
231
203
177
147
125
98
98
98
127
153
178
214
231
256
245
233
201
179
157
127
103
70
53
29
22
1
-9
-19
-29
-27
-46
-57
-74
-82
-79
-76
-78
-87
-103
-115
-134
-166
-212
-261
-301
-334
-358
-385
-403
-421
-415
-410
-395
-374
-353
-313
-269
-210
-163
-115
-76
-36
5
31
60
83
121
157
193
227
249
280
304
330
348
360
372
377
379
377
366
355
348
343
339
326
312
294
275
258
231
203
180
153
141
132
111
104
81
57
28
-9
-51
-100
-144
-180
-212
-238
-250
-262
-263
-254
-247
-227
-209
-186
-153
-124
-97
-71
-55
-46
-50
-65
-81
-112
-144
-175
-214
-246
-272
-295
-313
-323
-336
-345
-359
-363
-367
-367
-361
-351
-328
-301
-260
-223
-180
-147
-113
-86
-69
-46
-32
-4
25
67
107
151
191
230
269
291
316
323
330
339
340
339
338
338
341
349
351
353
345
335
321
303
277
246
213
185
162
133
115
87
59
32
2
-30
-69
-102
-134
-153
-173
-179
-185
-188
-189
-189
-184
-184
-178
-176
-178
-185
-189
-200
-219
-232
-247
-255
-253
-246
-240
-228
-223
-212
-194
-189
-177
-167
-158
-141
-126
-109
-100
-90
-75
-61
-47
-27
-6
12
44
71
96
121
147
179
210
241
274
296
312
325
325
318
300
278
262
249
241
237
229
223
218
207
191
170
152
132
114
95
73
50
23
0
-23
-45
-67
-92
-113
-126
-145
-158
-167
-178
-177
-174
-167
-153
-137
-119
-101
-87
-84
-83
-85
-87
-86
-81
-74
-68
-64
-62
-71
-81
-94
-112
-128
-146
-161
-176
-189
-204
-219
-230
-237
-230
-209
-177
-142
-101
-54
-9
37
81
113
147
178
208
235
251
256
258
248
237
228
215
211
218
231
249
268
288
305
318
331
339
342
344
344
333
311
282
242
201
152
106
58
12
-24
-61
-92
-123
-153
-178
-195
-205
-207
-207
-202
-198
-199
-204
-213
-226
-241
-246
-250
-248
-241
-232
-216
-198
-186
-174
-165
-154
-137
-127
-113
-101
-93
-84
-82
-81
-77
-72
-57
-37
-19
7
33
56
86
107
136
163
186
215
236
251
259
260
253
244
228
212
198
183
180
171
167
162
150
139
130
115
99
84
68
51
32
6
-22
-54
-90
-118
-148
-167
-178
-184
-185
-184
-180
-168
-156
-146
-127
-121
-103
-90
-80
-67
-65
-64
-62
-61
-63
-61
-61
-54
-49
-46
-44
-54
-61
-70
-80
-88
-100
-109
-121
-136
-144
-154
-163
-164
-158
-142
-119
-87
-56
-22
10
38
63
85
107
120
134
137
140
137
129
110
85
61
38
27
20
26
40
58
85
108
135
154
166
175
180
180
171
164
142
118
87
52
23
-9
-32
-52
-68
-79
-88
-87
-85
-86
-78
-67
-59
-48
-44
-49
-58
-76
-100
-126
-156
-179
-199
-204
-203
-200
-193
-181
-167
-154
-139
-130
-112
-90
-71
-47
-29
-15
-3
0
1
-2
-8
-5
-4
0
15
27
46
69
80
98
110
119
127
131
135
129
124
116
112
105
101
102
98
107
111
112
115
110
108
101
96
88
79
63
46
22
-15
-47
-85
-118
-145
-170
-185
-192
-191
-186
-169
-156
-134
-112
-92
-63
-42
-13
4
15
30
26
23
16
7
3
-3
-9
-16
-15
-17
-13
-8
-9
-3
1
12
21
25
32
35
42
43
47
47
47
52
56
62
67
76
87
92
101
105
111
113
112
109
101
95
82
72
56
44
31
19
12
0
1
-6
-7
-8
-7
-4
-3
4
9
14
10
9
6
6
8
7
15
20
26
36
42
51
61
76
85
102
114
120
127
121
117
97
77
61
35
20
4
-16
-28
-41
-56
-71
-87
-101
-109
-106
-98
-90
-84
-71
-58
-48
-36
-30
-28
-18
-6
-1
5
3
4
2
-6
-15
-28
-35
-41
-40
-45
-53
-56
-55
-53
-48
-40
-28
-11
12
32
49
64
74
87
94
99
106
114
125
131
131
125
115
103
92
76
59
47
40
40
38
31
19
1
-11
-25
-37
-47
-53
-55
-58
-61
-72
-82
-94
-103
-108
-110
-105
-102
-90
-85
-79
-79
-85
-88
-94
-90
-94
-86
-77
-70
-59
-58
-51
-55
-49
-41
-32
-22
-10
7
17
30
30
27
25
23
28
26
34
37
42
52
50
53
54
56
64
71
77
79
90
92
93
86
72
59
45
38
26
17
10
9
5
1
-3
-9
-11
-7
-2
5
11
18
20
18
12
-2
-10
-20
-24
-32
-39
-47
-59
-60
-69
-67
-74
-68
-60
-59
-49
-56
-49
-49
-49
-51
-61
-60
-69
-68
-74
-74
-71
-69
-63
-69
-64
-64
-61
-54
-49
-38
-32
-22
-18
-9
-4
-7
1
4
15
18
22
28
31
44
44
53
55
57
62
54
55
44
50
50
51
51
42
47
37
42
39
42
49
46
58
54
54
47
37
31
12
1
-18
-31
-40
-53
-55
-70
-71
-79
-85
-83
-89
-77
-75
-61
-49
-42
-28
-27
-15
-14
-12
-10
-6
2
-3
5
4
3
5
2
-1
-9
-11
-14
-14
-18
-18
-22
-23
-20
-22
-21
-20
-15
-7
6
18
25
36
43
45
48
43
42
41
46
48
43
42
34
32
25
23
25
22
36
42
55
62
68
74
67
69
63
58
54
47
45
30
23
6
-10
-18
-39
-46
-59
-56
-55
-54
-47
-45
-41
-41
-37
-34
-28
-18
-13
-6
-1
4
8
6
5
0
-1
-3
-3
-3
-5
-8
-13
-15
-17
-17
-19
-21
-18
-13
-3
0
10
17
24
35
38
47
47
52
54
48
46
36
32
25
15
8
-4
-5
-10
-10
-8
-4
-1
-3
6
7
12
16
19
26
25
32
28
30
31
28
28
23
21
20
22
20
18
19
23
28
27
28
30
31
35
38
40
39
38
35
28
24
18
12
7
5
1
-6
-9
-18
-20
-26
-33
-35
-37
-33
-35
-32
-34
-35
-33
-35
-33
-31
-28
-22
-15
-12
-7
-2
-5
-4
-3
-7
-5
-4
-2
-2
-5
-10
-18
-21
-28
-31
-35
-33
-29
-28
-24
-24
-22
-20
-20
-16
-16
-12
-9
-6
0
1
3
2
1
6
6
10
9
12
21
23
27
30
31
33
34
37
35
38
33
32
30
24
25
17
13
11
7
4
-5
-6
-10
-16
-20
-23
-26
-30
-28
-29
-31
-27
-28
-32
-31
-32
-31
-31
-29
-29
-28
-29
-29
-33
-37
-35
-36
-40
-41
-37
-38
-38
-37
-37
-33
-32
-30
-30
-27
-21
-18
-13
-10
-9
-6
-3
-2
2
9
12
22
28
33
41
42
49
50
60
67
75
84
83
87
84
83
75
71
62
54
45
36
29
22
13
4
-3
-13
-23
-29
-33
-38
-42
-45
-47
-53
-54
-57
-63
-64
-68
-67
-70
-67
-64
-60
-56
-53
-46
-40
-29
-25
-16
-11
-12
-6
-2
-1
-4
-6
-6
-10
-10
-9
-10
-8
-10
-8
-5
-1
5
10
17
20
24
26
26
28
27
24
20
17
13
12
8
7
4
0
1
0
2
2
7
9
9
11
7
7
5
3
-2
-2
-3
-6
-5
-7
-7
-8
-2
3
10
20
25
32
35
40
39
35
32
26
21
16
8
2
-11
-24
-35
-41
-45
-48
-48
-48
-44
-41
-36
-34
-32
-29
-31
-27
-25
-20
-18
-19
-15
-18
-14
-11
-8
-1
5
11
18
25
31
37
41
44
50
52
54
54
49
47
46
46
45
44
43
44
45
42
44
43
42
43
42
42
38
39
37
30
28
23
20
14
11
10
10
9
5
6
0
-1
-7
-10
-12
-19
-21
-27
-32
-38
-44
-49
-53
-56
-59
-58
-56
-53
-44
-40
-32
-28
-24
-16
-12
-5
-3
2
4
2
2
-1
-2
-10
-14
-15
-17
-18
-19
-19
-20
-18
-17
-17
-14
-14
-11
-6
-1
2
5
6
10
13
14
20
22
23
26
29
34
36
39
42
46
46
47
48
47
49
46
44
43
41
39
34
34
29
25
23
15
8
1
2
-4
-12
-17
-23
-27
-35
-39
-44
-47
-49
-51
-51
-57
-59
-62
-63
-64
-65
-61
-60
-55
-52
-47
-43
-38
-32
-29
-23
-22
-15
-8
-4
0
3
9
9
11
15
20
24
30
34
38
44
49
51
53
56
57
56
58
60
59
57
51
45
38
36
32
26
22
21
18
17
17
15
15
13
13
13
8
7
7
5
4
0
-4
-10
-13
-16
-18
-22
-27
-29
-35
-36
-39
-42
-42
-43
-44
-47
-44
-44
-44
-43
-43
-39
-39
-35
-34
-32
-32
-29
-29
-26
-28
-29
-26
-24
-23
-25
-24
-23
-22
-22
-22
-24
-23
-20
-17
-14
-10
-7
-2
0
5
11
14
19
21
29
35
40
45
47
51
53
55
55
62
64
64
66
62
62
57
54
52
47
47
43
39
39
30
28
21
11
5
-1
-5
-13
-17
-26
-33
-40
-48
-49
-54
-55
-55
-54
-52
-54
-49
-51
-46
-45
-44
-41
-40
-35
-36
-33
-32
-32
-31
-33
-30
-29
-27
-26
-29
-25
-25
-19
-15
-17
-12
-8
-4
-1
3
10
14
17
22
30
33
39
44
45
50
50
52
50
49
46
46
44
41
41
37
36
31
29
28
28
31
25
27
25
22
18
14
11
7
3
-3
-9
-16
-22
-24
-29
-33
-37
-40
-37
-41
-38
-35
-33
-31
-33
-27
-25
-22
-23
-23
-23
-27
-24
-24
-23
-27
-30
-29
-32
-33
-33
-34
-36
-38
-39
-44
-43
-47
-47
-47
-50
-46
-39
-33
-28
-23
-14
-7
1
8
16
23
32
36
42
50
53
59
63
68
70
69
72
74
75
75
76
73
70
67
64
59
50
48
42
37
31
22
16
10
4
-4
-11
-15
-20
-25
-30
-34
-33
-34
-33
-32
-30
-28
-26
-23
-20
-17
-15
-13
-13
-14
-13
-15
-15
-16
-18
-18
-19
-19
-16
-20
-19
-20
-20
-16
-15
-15
-12
-7
-8
-5
0
-1
4
6
7
9
12
14
16
16
18
19
18
22
19
20
21
17
20
19
20
20
19
18
19
20
19
20
19
19
19
22
23
21
17
15
12
8
7
6
4
5
2
-1
-1
-6
-10
-13
-12
-15
-18
-19
-23
-23
-26
-24
-28
-27
-28
-29
-26
-30
-31
-30
-32
-32
-30
-29
-30
-30
-30
-29
-29
-26
-24
-26
-21
-21
-16
-13
-14
-5
-2
3
6
12
15
18
22
24
30
33
36
37
40
42
47
49
48
50
50
50
46
49
46
43
42
42
38
33
34
30
26
25
21
17
12
11
7
2
2
0
-4
-2
-7
-8
-10
-12
-14
-16
-18
-19
-20
-26
-25
-25
-25
-26
-22
-22
-25
-23
-22
-21
-22
-18
-18
-23
-20
-20
-24
-23
-22
-22
-19
-19
-23
-21
-19
-21
-22
-23
-22
-21
-16
-16
-16
-12
-9
-9
-6
-1
-4
1
6
5
9
11
15
13
15
15
16
18
16
16
13
15
14
15
16
15
15
15
14
13
13
13
13
11
12
10
8
5
6
3
1
0
-2
-3
-9
-9
-13
-13
-15
-16
-16
-21
-16
-17
-18
-17
-17
-19
-17
-16
-14
-15
-15
-16
-17
-15
-16
-13
-10
-9
-6
-6
-5
-2
0
3
4
7
10
9
10
10
10
10
8
9
12
13
12
14
14
15
16
18
17
18
19
22
20
18
19
15
17
19
18
16
14
13
13
13
14
10
9
9
5
5
5
0
0
5
0
2
-2
-4
-6
-7
-7
-7
-5
-7
-5
-5
-4
-6
-7
-7
-11
-7
-12
-16
-14
-17
-18
-20
-23
-22
-21
-18
-19
-19
-18
-16
-14
-15
-12
-12
-14
-13
-14
-15
-13
-14
-17
-14
-11
-9
-4
-5
-3
0
1
0
0
3
2
3
2
-1
-2
0
1
-1
3
4
7
9
11
13
15
13
14
15
16
17
18
15
13
11
4
2
3
2
1
1
-1
-1
-2
-1
0
1
3
6
4
3
4
4
4
3
2
-1
-1
-4
-2
-3
-6
-3
-3
-2
-3
-1
-1
-1
3
4
8
10
11
13
10
11
13
11
12
11
13
14
17
17
18
17
18
20
20
22
24
22
24
25
23
24
24
22
23
21
21
20
18
16
16
14
12
11
12
10
7
9
6
6
4
5
6
7
10
9
7
8
11
9
9
8
3
2
0
-2
-2
-5
-6
-10
-11
-12
-15
-14
-12
-10
-9
-8
-6
-6
-6
-6
-6
-8
-7
-10
-9
-12
-12
-16
-15
-14
-15
-12
-13
-11
-7
-4
-3
-2
-1
0
3
4
5
3
1
0
-1
-1
-2
-4
0
-1
-1
2
4
4
5
5
6
7
7
6
4
4
2
1
-1
-1
-3
-5
-6
-7
-8
-9
-5
-12
-10
-8
-9
-10
-11
-12
-13
-15
-14
-18
-18
-16
-21
-23
-25
-23
-25
-27
-26
-27
-24
-24
-22
-19
-17
-12
-11
-10
-8
-9
-8
-10
-7
-4
-2
-1
-1
-2
-3
-3
-3
-5
-3
-2
-2
-2
-1
2
5
4
5
8
8
7
8
7
8
8
6
6
4
5
4
3
0
-3
-3
-7
-8
-7
-5
-5
-6
-7
-7
-5
-8
-8
-8
-8
-9
-9
-11
-12
-10
-12
-10
-10
-10
-10
-11
-12
-12
-13
-12
-10
-11
-11
-9
-10
-8
-8
-9
-7
-8
-6
-5
-8
-7
-9
-9
-10
-10
-11
-12
-12
-15
-11
-11
-11
-6
-6
-1
-5
-3
3
1
6
1
3
3
2
5
3
4
6
6
5
5
6
5
3
0
3
2
4
5
3
5
3
4
3
2
1
4
2
2
5
6
6
9
7
8
9
6
6
5
6
7
5
6
5
7
7
5
6
7
4
5
5
4
5
1
0
0
-2
-1
-2
3
4
4
2
1
2
-1
3
4
2
6
7
7
6
4
0
2
1
1
2
0
2
3
6
3
2
4
6
9
10
12
11
13
14
13
14
12
10
6
3
4
3
3
1
3
3
-2
-1
0
4
5
6
6
6
9
9
6
5
5
5
6
5
5
5
4
3
3
1
-3
-3
-3
-3
-1
-1
-2
-1
-2
-4
-5
-3
-5
-5
-5
-5
-3
-6
-8
-9
-10
-10
-9
-7
-8
-7
-6
-4
-5
-5
-2
0
0
0
1
3
5
7
6
4
5
5
7
3
3
4
7
8
7
9
6
8
8
10
11
12
12
11
11
12
11
10
10
6
7
5
9
9
9
12
13
14
14
15
16
17
18
17
16
18
18
13
12
14
11
14
11
8
11
9
9
7
9
6
8
11
8
8
7
9
8
3
3
0
1
-2
-5
-5
-8
-7
-10
-7
-10
-7
-5
-7
-1
-4
-2
-3
-1
-1
-2
0
1
3
1
3
3
1
1
0
1
0
0
1
0
1
-2
1
0
-1
-1
0
4
-1
1
1
-1
2
0
0
-2
3
0
-2
2
-2
-1
-3
-5
-6
-7
-4
-10
-13
-10
-12
-10
-12
-12
-11
-8
-6
-8
-5
-8
-7
-8
-11
-13
-14
-14
-16
-12
-13
-13
-9
-10
-9
-9
-6
-5
-7
-5
-5
-4
-6
-3
-8
-9
-8
-10
-6
-9
-7
-12
-12
-11
-12
-9
-9
-9
-11
-8
-5
-5
-3
-5
-6
-4
-6
-5
-7
-5
-5
-4
-3
-3
0
-4
0
0
-2
0
-2
-2
-4
0
0
0
1
0
-1
-2
-4
-2
-4
-5
-2
-2
-4
-4
-1
-3
-1
2
0
0
3
4
2
3
3
3
2
3
-1
-3
-2
-5
-4
-7
-6
-6
-9
-10
-11
-9
-9
-8
-5
-5
-3
-3
1
1
3
5
5
5
3
4
3
3
2
2
3
0
1
-2
-3
1
0
2
3
6
9
6
9
10
11
12
11
11
12
12
9
11
9
10
11
8
9
11
13
16
16
15
16
16
13
16
15
13
11
8
9
6
6
4
0
0
-2
1
0
-2
-3
-5
-3
-3
-2
-3
0
2
3
6
5
6
9
8
8
8
8
5
9
8
8
5
3
4
4
5
6
5
5
7
5
4
4
6
6
6
7
7
9
8
7
9
11
10
9
9
7
7
9
8
9
9
11
9
6
7
8
7
5
3
2
3
3
2
1
-3
-3
-3
-4
-2
-2
-2
-2
-5
-6
-8
-5
-7
-4
-3
-5
-4
-3
-2
-3
-5
-5
-5
-3
1
4
9
11
14
13
13
17
16
15
20
18
15
17
16
17
16
17
14
14
15
14
16
15
19
20
17
17
15
14
13
12
8
11
9
6
7
3
3
4
0
0
-2
-4
-4
-5
-7
-10
-10
-11
-12
-10
-11
-14
-15
-15
-15
-13
-13
-15
-17
-18
-18
-17
-17
-16
-18
-23
-22
-24
-24
-24
-23
-24
-23
-22
-21
-18
-19
-20
-16
-17
-17
-17
-15
-11
-14
-11
-13
-13
-14
-18
-17
-20
-19
-18
-17
-17
-14
-18
-16
-16
-16
-14
-10
-9
-10
-11
-12
-9
-10
-12
-13
-12
-13
-14
-15
-17
-18
