5.87619
3.13803
2.84369
0.589194
-0.0553542
-1.28191
-1.43482
-2.13251
-0.25862
-0.478951
-0.433914
-0.044748
5.80158
3.0603
2.58141
0.553219
0.113939
-1.35327
-1.80668
-1.91365
-0.317009
-0.648105
-0.392865
-0.046337
5.80655
3.24607
2.34238
0.226821
0.084536
-1.40323
-1.86355
-1.89226
-0.587506
-0.658455
-0.382875
-0.047458
6.03669
3.24682
2.84586
-0.259651
-0.0250751
-1.24694
-1.55037
-1.891
-0.803153
-0.508311
-0.298038
-0.0379235
5.90982
3.19572
3.10187
-0.0544116
0.0906445
-1.43901
-1.60231
-1.7826
-0.498706
-0.394353
-0.351158
-0.0250414
5.57452
-1.14693
-2.06086
1.74496
4.02554
0.93253
1.82085
2.19398
0.22143
-0.746962
-0.530851
0.0371535
5.81798
-1.41539
-2.48638
1.44403
4.33099
1.11859
1.86392
1.93707
0.205452
-0.790017
-0.485262
0.0405552
5.53982
-1.29907
-2.42666
1.30318
4.28892
1.212
1.74719
1.9462
0.203327
-0.737734
-0.487451
0.0200724
5.50261
-1.31855
-2.52531
1.36919
3.95447
1.24646
2.00411
1.85186
0.291007
-0.837679
-0.4876
0.0201279
5.30817
-1.22246
-2.49814
1.19926
3.95721
1.34133
1.90441
1.90701
0.312088
-0.849549
-0.483956
0.0159948
2.47358
-1.52374
-0.867114
2.58647
5.13368
2.48219
1.5971
0.880618
0.845588
-0.640538
0.163994
0.169781
2.54738
-1.39516
-0.697958
2.36646
5.14994
2.55928
1.56031
1.0193
0.699139
-0.564527
0.163766
0.157904
2.70875
-1.40272
-0.577303
2.53858
5.02645
2.53497
1.6001
0.845525
0.762788
-0.436216
0.119188
0.165748
2.63361
-1.24432
-0.681369
2.33059
5.16565
2.65632
1.46626
1.06266
0.687642
-0.512644
0.176703
0.151184
2.5019
-1.41206
-0.611845
2.49374
5.03288
2.75715
1.54554
0.892294
0.794726
-0.491968
0.207642
0.138264
5.83462
2.74471
1.18682
4.7362
3.35299
-0.491552
0.496462
0.0367499
-0.115133
-1.30772
-0.323768
0.0196933
5.82018
2.93408
1.17586
4.79437
3.54343
-0.594582
0.537743
-0.0723655
-0.168356
-1.39406
-0.312707
0.0157575
5.96025
2.8763
1.40775
4.58153
3.5559
-0.536833
0.704016
-0.0134396
-0.342255
-1.42247
-0.333255
0.0363872
5.59836
2.91035
1.83133
4.23482
3.7377
-0.52033
0.429677
0.13803
-0.49928
-1.31928
-0.293772
0.0331139
5.455
3.11398
1.91574
3.98704
3.97073
-0.676902
0.220559
0.0968162
-0.573558
-1.25591
-0.360539
0.0249445
5.02418
4.02762
1.91412
3.47535
5.17579
-0.892165
0.0961207
0.395503
0.308158
-0.499072
-0.282496
0.0065705
5.02895
3.8819
2.01438
3.31504
5.21362
-0.553677
0.152335
0.413424
0.344581
-0.609526
-0.278721
0.00579377
4.96331
3.92823
2.30438
3.42935
5.18608
-0.466284
0.00626443
0.482744
0.311487
-0.575054
-0.281736
-0.00658567
4.75546
3.96059
2.59115
3.72094
4.89289
-0.27591
-0.151074
0.304614
0.434879
-0.696294
-0.172294
-0.0397721
4.69871
4.10705
2.76586
3.80972
4.98643
-0.522545
-0.185213
0.461844
0.336871
-0.594391
-0.290429
-0.0352788
